29.59
29.42
29.34
29.14
29.15
29.15
29.26
29.21
29.12
29.06
29.25
29.21
29
29.15
29.27
29.17
29.04
28.94
28.86
28.8
28.75
28.75
28.74
28.64
28.49
28.35
28.53
28.41
28.4
28.26
28.03
27.98
28.03
28.1
28.05
27.9
27.92
27.84
27.76
27.57
27.69
27.69
27.74
27.76
27.8
27.66
27.46
27.19
26.94
26.98
26.95
26.79
26.74
26.75
26.71
26.49
26.48
26.43
26.41
26.4
26.41
26.43
26.37
26.38
26.41
26.41
26.44
26.42
26.37
26.33
26.29
26.13
25.98
26.06
26.24
26.32
26.29
26.27
26.22
26.16
26.17
26.25
26.29
26.21
26.16
26.17
26.21
26.3
26.32
25.99
25.97
25.94
26.05
26.05
25.9
26.1
26.02
25.82
25.72
25.61
25.75
25.8
26.16
26.34
26.07
25.9
26.43
26.52
26.6
26.71
26.71
26.69
26.69
26.68
26.67
26.65
26.63
26.61
26.61
26.63
26.64
26.6
26.58
26.61
26.59
26.6
26.56
26.48
26.38
26.46
26.48
26.49
26.5
26.48
26.54
26.52
26.5
26.48
26.44
26.51
26.53
26.56
26.64
26.58
26.64
26.67
26.66
26.74
26.82
26.81
26.69
26.58
26.59
26.58
26.53
26.37
26.34
26.34
26.25
26.26
26.37
26.36
26.35
26.41
26.46
26.46
26.37
26.41
26.5
26.49
26.46
26.47
26.35
26.21
26.05
25.95
26.09
26.2
26.15
26.16
26.22
26.2
26.04
26.07
26.05
26.12
26.21
26.2
26.17
26.14
26.23
26.28
26.69
26.82
26.79
26.82
26.85
26.95
27.03
27.05
27.11
27.13
27.16
27.21
27.21
27.18
27.14
27.12
27.1
27.08
27.05
27
26.96
26.93
26.93
26.9
26.87
26.8
26.83
26.82
26.83
26.89
26.93
26.92
26.95
26.97
26.99
26.83
26.83
26.88
26.84
26.85
26.87
26.86
26.87
26.9
26.89
26.89
26.95
26.95
27.03
27.14
27.17
27.29
27.4
27.43
27.56
27.55
27.48
27.41
27.59
27.65
27.59
27.5
27.72
27.76
27.71
27.81
27.76
27.81
27.78
27.79
27.93
28.16
28.08
27.9
27.79
28
28.22
27.9
28.24
28.27
28.32
28.21
28.17
28.23
28.14
27.73
27.86
27.9
27.93
28
28.05
28.23
28.34
28.16
27.91
28.06
28.14
27.95
27.91
27.76
27.85
27.74
27.67
28.12
27.84
27.82
27.79
27.78
27.75
27.66
27.8
27.81
27.79
27.8
27.73
27.71
27.8
27.86
27.99
28.18
28.01
27.84
27.71
27.61
27.98
28.07
28.12
28.24
28.01
28.23
28.53
28.47
28.49
28.5
28.66
28.64
28.67
28.86
28.36
28.39
28.49
28.34
28.25
28.48
28.52
28.82
29.01
28.97
28.97
29.07
28.91
28.81
29.05
29.27
29.27
29.42
29.31
29.14
29.14
29.12
29.16
29.19
29.05
29.12
29.4
29.26
29.33
29.53
29.2
29.3
29.19
29.09
29.08
29.09
29.04
28.92
28.95
29.02
28.73
28.59
28.9
29.03
28.95
28.8
28.82
28.7
28.68
28.58
28.56
28.45
28.39
28.27
28.32
28.19
28.23
28.26
28.19
28.16
27.96
27.92
27.97
27.93
27.94
27.92
27.98
27.89
27.88
27.91
27.96
28.02
27.96
27.98
27.87
28.09
28.04
28.1
28.14
28.04
27.91
28.13
28.11
28.09
27.99
27.94
27.87
27.86
27.76
27.6
27.64
27.75
27.82
27.89
27.81
27.8
27.75
27.65
27.61
27.41
27.26
27.4
27.32
27.27
27.32
27.26
27.12
26.96
27.01
26.98
27.02
27.1
27.33
27.34
27.56
27.65
27.63
27.71
27.65
27.56
27.5
27.57
27.6
27.59
27.61
27.6
27.74
27.69
27.59
27.61
27.61
27.56
27.52
27.52
27.44
27.37
27.3
27.21
27.15
27.17
27.08
27.03
26.87
26.86
26.94
27.03
26.98
26.99
26.93
26.85
26.7
26.54
26.59
26.66
26.69
26.86
26.87
26.84
26.78
26.7
26.51
26.59
26.72
26.76
26.74
26.82
26.85
26.86
26.84
26.83
26.86
26.83
26.82
26.75
26.7
26.86
26.98
27.04
27.04
26.94
26.96
27.13
27.12
27.11
27
27.03
27.03
27.08
27.11
27.14
27.11
27.1
27.1
27.09
27.11
27.13
27.14
27.16
27.14
27.13
27.1
27.13
27.13
27.09
27.11
27.14
27.14
27.11
27.1
27.13
27.11
27.09
27.08
27.1
27.12
27.13
27.14
27.17
27.14
27.19
27.23
27.21
27.23
27.2
27.23
27.25
27.28
27.3
27.31
27.32
27.31
27.3
27.32
27.33
27.39
27.35
27.36
27.3
27.29
27.29
27.29
27.26
27.27
27.27
27.23
27.22
27.23
27.22
27.21
27.2
27.2
27.2
27.19
27.04
26.9
26.99
27.01
27.02
27.01
27.03
27.14
27.24
27.31
27.34
27.37
27.39
27.41
27.39
27.37
27.35
27.29
27.32
27.33
27.36
27.33
27.37
27.49
27.43
27.42
27.41
27.44
27.43
27.38
27.54
27.45
27.41
27.41
27.49
27.62
27.59
27.63
27.68
28.14
27.83
27.96
28.03
27.94
27.87
27.7
27.7
27.73
27.7
27.87
27.74
27.75
27.74
27.77
27.69
27.66
27.82
27.92
27.77
27.69
27.78
27.94
27.76
28.01
27.87
27.61
27.71
27.6
27.67
27.89
27.8
27.86
28.17
28.01
27.83
28.13
28.35
28.39
28.39
28.37
28.31
28.6
28.68
28.31
28.17
28.59
28.46
28.48
28.36
28.37
28.44
28.46
28.32
28.34
28.21
28.15
28.16
28.31
28.2
28.17
28.14
27.95
28.03
28.17
28.15
28.01
27.94
27.96
28.12
27.88
28
28.35
28.65
28.53
28.59
28.14
27.94
28.13
28.14
27.96
28.07
28.28
28.37
28.33
28.3
28.66
28.47
28.29
28.35
28.52
28.53
28.52
28.33
28.4
28.52
28.48
28.49
28.62
28.5
28.27
28.37
28.37
28.38
28.54
28.59
28.66
28.79
28.66
28.72
28.75
29.16
29.25
28.99
28.96
28.89
28.62
28.8
28.81
28.62
28.62
28.65
28.47
28.32
28.34
28.34
28.31
28.37
28.4
28.4
28.34
28.11
28.19
28.19
28.13
28.1
28.17
28.13
28.08
28.07
28.03
27.93
28.04
27.98
27.84
27.74
27.74
27.71
27.54
27.44
27.37
27.33
27.32
27.27
27.26
27.34
27.2
27.08
27.05
27.04
27.01
26.96
27.01
26.98
26.97
26.82
26.71
26.73
26.66
26.56
26.62
26.93
26.96
26.99
27
27
27.02
26.98
26.92
26.87
26.91
26.84
26.79
26.62
26.57
26.58
26.48
26.4
26.34
26.3
26.34
26.32
26.42
26.6
26.62
26.6
26.67
26.6
26.52
26.52
26.55
26.58
26.5
26.47
26.3
26.35
26.24
26.18
26.09
25.99
25.9
25.94
25.86
25.91
25.95
25.9
25.97
26.02
25.96
25.88
25.78
25.67
25.69
25.69
25.68
25.76
25.68
25.79
26.19
26.2
26.22
26.25
26.19
26.08
25.96
25.98
26.02
26.07
26.15
26.13
26.22
26.3
26.31
26.34
26.37
26.38
26.42
26.44
26.49
26.58
26.6
26.6
26.59
26.61
26.61
26.62
26.64
26.6
26.58
26.58
26.57
26.55
26.55
26.47
26.49
26.52
26.56
26.56
26.55
26.51
26.49
26.46
26.45
26.44
26.41
26.43
26.52
26.53
26.54
26.64
26.63
26.57
26.59
26.62
26.58
26.51
26.51
26.53
26.53
26.53
26.54
26.52
26.58
26.63
26.64
26.69
26.72
26.7
26.7
26.73
26.72
26.68
26.69
26.71
26.7
26.68
26.68
26.63
26.65
26.61
26.55
26.5
26.41
26.39
26.37
26.36
26.37
26.37
26.37
26.4
26.46
26.57
26.72
27.03
27.08
27.17
27.27
27.33
27.36
27.37
27.44
27.46
27.46
27.48
27.54
27.55
27.48
27.49
27.57
27.59
27.49
27.34
27.31
27.28
27.27
27.29
27.28
27.23
27.21
27.22
27.23
27.44
27.56
27.62
27.52
27.56
27.68
27.49
27.52
27.74
27.68
27.85
27.93
27.81
28.03
28.1
27.97
28.05
27.88
27.57
27.42
27.92
28.02
28.07
27.94
27.96
27.66
27.7
27.87
27.78
27.96
27.95
28.35
28.19
27.89
28.11
27.97
27.88
27.89
27.69
27.5
27.39
27.66
28.02
28.31
28.67
28.7
28.56
28.39
27.8
27.93
27.9
27.73
27.76
27.93
27.8
27.69
28.14
28.15
28.13
28.09
28.19
28.08
28.12
28.6
28.85
28.88
29.01
29.23
28.97
28.8
28.83
28.52
28.6
28.73
28.73
28.79
28.53
28.76
28.99
28.94
29.05
28.86
28.89
28.69
28.43
28.43
28.45
28.58
28.58
28.76
28.92
28.81
28.93
29.07
29.01
29.01
29.04
29.1
29.13
29.17
29.4
29.28
29.29
29.17
29.27
29.48
29.44
29.35
29.29
29.41
29.46
29.54
29.42
29.23
29.38
29.43
29.63
29.66
29.63
29.58
29.55
29.49
29.48
29.29
29.13
29.08
28.98
29.12
29.36
29.53
29.48
29.64
29.34
29.27
29.26
29.16
29.1
29.02
29.24
29.15
29.15
28.98
28.92
29.31
29.34
29.2
29.18
29.07
29
28.79
28.79
28.78
28.57
28.29
28.5
28.52
28.37
28.1
28.06
28.11
28.03
27.84
27.95
28.01
27.89
27.81
27.78
27.85
27.84
27.87
27.88
27.9
27.86
27.75
27.67
27.63
27.69
27.71
27.71
27.74
27.85
27.82
27.75
27.73
27.7
27.64
27.59
27.53
27.42
27.33
27.25
27.32
27.36
27.37
27.45
27.5
27.5
27.47
27.41
27.33
27.33
27.35
27.35
27.27
27.26
27.3
27.3
27.26
27.17
27.17
27.07
26.94
26.81
26.77
26.84
26.85
26.83
26.7
26.62
26.53
26.47
26.45
26.45
26.59
26.78
26.81
26.66
26.61
26.67
26.73
26.65
26.61
26.55
26.51
26.45
26.34
26.42
26.41
26.44
26.54
26.49
26.59
26.52
26.52
26.49
26.8
27.09
27.22
27.31
27.35
27.34
27.31
27.3
27.31
27.3
27.3
27.32
27.32
27.32
27.31
27.29
27.25
27.25
27.23
27.22
27.21
27.22
27.21
27.21
27.19
27.18
27.13
27.14
27.14
27.14
27.07
27.09
27.07
27.02
26.98
26.91
26.87
26.8
26.77
26.84
26.82
26.81
26.83
26.81
26.79
26.8
26.79
26.81
26.86
26.92
26.98
27.03
27.08
27.1
27.1
27.09
27.07
27.03
27.03
27.02
26.99
26.99
27
26.97
26.94
26.89
26.77
26.61
26.42
26.33
26.38
26.43
26.44
26.43
26.44
26.41
26.4
26.44
26.47
26.51
26.57
26.75
27.05
27.33
27.43
27.46
27.51
27.54
27.51
27.48
27.49
27.48
27.46
27.39
27.28
27.24
27.18
27.24
27.28
27.34
27.27
27.24
27.29
27.22
27.28
27.32
27.61
27.65
27.47
27.38
27.37
27.44
27.44
27.43
27.43
27.38
27.4
27.32
27.23
27.43
27.34
27.55
27.5
27.26
27.36
27.32
27.29
27.3
27.27
27.33
27.38
27.5
27.53
27.49
27.49
27.68
27.49
27.56
27.87
27.83
27.75
27.83
28.05
28.23
28.18
28.21
28.2
28.1
28
28.02
28.12
28.21
28.32
28.75
28.33
28.52
28.44
28.28
28.47
28.32
28.27
28.07
27.76
27.85
28.16
27.86
28.05
28.59
28.38
28.34
28.84
29.05
28.53
28.54
28.44
28.43
28.18
28.19
28.6
28.57
28.58
28.78
28.64
28.55
28.75
28.77
28.63
28.73
28.66
28.64
28.7
28.66
28.74
28.94
28.73
28.78
28.79
29.08
28.87
28.95
28.87
28.97
29.06
28.95
29.08
28.87
28.91
28.91
28.99
28.7
28.4
28.74
28.97
28.65
28.54
28.52
28.69
28.58
28.62
28.79
28.87
29.15
29.31
29.33
29.04
29.06
29.12
29.28
29.19
29.01
29.61
29.9
29.36
29.31
29.36
29.2
28.99
29.09
29.01
28.95
29.07
29.48
29.62
29.53
29.5
29.29
29.22
29.19
29.07
29.09
29.02
28.83
28.78
28.84
28.82
28.61
28.54
28.76
29.02
28.76
28.77
28.79
28.72
28.8
28.66
28.65
28.66
28.65
28.54
28.49
28.47
28.59
28.81
28.69
28.54
28.61
28.74
28.72
28.8
28.58
28.58
28.62
28.62
28.57
28.61
28.62
28.52
28.51
28.43
28.47
28.47
28.41
28.39
28.32
28.26
28.21
28.22
28.29
28.26
28.15
28.19
28.14
28.03
27.96
27.95
27.82
27.94
27.95
27.99
27.99
27.9
27.91
27.97
27.97
28.02
28.25
28.08
27.96
27.84
27.74
27.68
27.77
27.86
27.85
27.82
27.81
27.75
27.72
27.7
27.59
27.52
27.52
27.4
27.43
27.45
27.36
27.14
27.01
26.9
26.86
26.84
26.89
26.95
26.86
26.89
26.91
26.88
26.86
26.85
26.87
26.86
26.87
26.85
26.96
27.08
27.08
27.12
27.14
26.98
27.04
27.1
27.05
27.02
27.03
27.14
27.39
27.36
27.4
27.41
27.41
27.38
27.37
27.36
27.45
27.34
27.24
27.24
27.25
27.32
27.45
27.35
27.32
27.25
27.43
27.54
27.61
27.64
27.63
27.59
27.58
27.56
27.58
27.58
27.62
27.57
27.64
27.63
27.65
27.68
27.7
27.69
27.7
27.69
27.66
27.68
27.66
27.64
27.55
27.46
27.39
27.21
27.12
26.81
26.36
26.44
26.81
26.97
26.81
26.68
26.41
26.31
26.24
26.23
26.2
26.24
26.26
26.34
26.28
26.27
26.3
26.33
26.37
26.41
26.54
26.63
26.7
27
27.1
27.31
27.37
27.44
27.55
27.54
27.64
27.65
27.71
27.83
27.79
27.77
27.68
27.64
27.56
27.51
27.51
27.47
27.45
27.53
27.55
27.51
27.52
27.54
27.5
27.47
27.57
27.68
27.83
28.01
28.31
28.24
28.26
28.19
28.29
28.17
28.2
28.09
28.08
27.95
28
28.25
28.26
28.19
28.16
28
28.26
28.36
28.45
28.5
28.49
28.59
28.53
28.54
28.63
28.54
28.54
28.62
28.59
28.51
28.29
28.42
28.54
28.42
28.5
28.28
28.11
28.43
28.41
28.58
28.24
28.35
28.36
28.4
28.34
28.32
28.72
28.35
28.38
28.52
28.47
28.42
28.55
28.56
28.49
28.56
28.94
28.99
29.06
28.65
28.46
28.45
28.34
28.32
28.74
28.63
28.8
28.7
28.57
28.58
28.43
28.38
28.39
28.3
28.35
28.12
28.31
28.16
28.15
28.02
28.05
28.27
28.61
28.76
28.77
28.98
28.69
28.67
28.52
28.57
28.65
28.73
28.78
28.96
28.63
28.53
28.8
28.81
28.55
28.61
28.94
28.63
28.95
29.24
29.19
28.9
28.89
29
29.14
29.06
28.96
28.85
28.82
28.74
28.83
28.72
28.82
28.9
28.7
29.03
29.05
28.96
28.96
29.21
29
29.01
29.02
29.25
29.12
29.13
29
29.02
29.16
29.23
29.24
29.08
29.09
29.09
29.31
29.17
29.08
29.25
29.09
29.03
29.03
29.18
29.09
28.96
28.93
29.06
29.04
28.91
28.83
28.86
28.73
28.87
28.67
28.68
28.69
28.73
28.63
28.61
28.54
28.41
28.41
28.41
28.31
28.19
28.21
28.21
28.25
28.28
28.16
28.19
28.2
28.25
28.22
28.25
28.3
28.33
28.33
28.33
28.24
28.31
28.42
28.4
28.45
28.35
28.5
28.33
28.3
28.2
28.25
28.2
28.18
28.2
28.04
28.11
28.16
28.06
28.16
28.11
27.98
27.93
27.99
27.96
28
28.04
27.85
27.72
27.58
27.51
27.5
27.43
27.43
27.32
27.37
27.3
27.24
27.21
27.19
27.21
27.17
27.12
27.02
26.92
26.93
26.92
26.9
26.89
26.98
26.96
26.88
26.88
26.89
26.94
26.97
26.92
26.95
27.04
27.14
27.07
27.06
27.19
27.23
27.16
27.36
27.33
27.41
27.43
27.45
27.45
27.38
27.17
27.11
27.04
27
26.93
26.91
26.88
26.94
27
26.92
26.83
26.82
26.76
26.67
26.54
26.46
26.45
26.46
26.44
26.39
26.32
26.28
26.31
26.53
26.42
26.69
26.8
26.73
26.91
26.91
26.93
26.94
26.97
26.99
26.98
26.94
26.93
26.91
26.89
26.92
26.93
26.91
26.9
26.88
26.91
26.91
26.92
26.92
26.91
26.93
26.94
26.95
26.91
26.9
26.89
26.93
26.97
27.01
27.02
27.02
26.99
26.97
26.93
26.87
26.78
26.7
26.62
26.73
26.94
26.98
27.04
27.04
26.99
27.02
27.08
27.12
27.17
27.15
27.11
27.09
27.07
27.06
27.04
27.03
27.05
27.07
27.15
27.17
27.21
27.22
27.25
27.22
27.22
27.21
27.16
27.15
27.18
27.16
27.13
27.1
27.06
27.04
27.03
27.02
27
27
26.96
27
27.11
27.16
27.22
27.41
27.59
27.73
27.7
27.73
27.78
27.85
27.87
27.89
27.99
27.98
28.11
28.13
28.15
28.16
28.11
28.1
28.09
28.02
28.04
28.01
27.94
27.86
27.99
27.92
27.91
27.86
27.86
27.91
27.87
27.88
27.86
27.82
27.8
27.82
27.83
27.87
27.88
28.19
28.38
28.13
28.01
28.13
28.16
28.49
28.53
28.38
28.34
28.27
28.24
28.16
28.31
28.42
28.68
28.44
28.41
28.39
28.57
28.51
28.47
28.46
28.42
28.4
28.58
28.59
28.75
28.25
28.36
28.86
28.78
28.67
28.52
28.4
28.08
28.01
27.88
27.78
28.16
28.36
28.35
28.08
28.05
28.37
28.31
28.4
28.53
28.71
28.77
28.44
28.43
28.36
28.49
28.58
28.97
28.92
29.17
29.53
29.33
28.87
28.66
28.78
28.78
28.77
28.83
28.9
29.13
29.3
29.25
28.76
28.71
28.79
28.82
28.91
29.13
28.95
28.89
28.93
28.8
28.65
28.64
29.05
28.93
28.87
28.95
29.02
28.97
28.71
28.74
28.76
29
29.26
29.56
29.36
29.12
29.16
29.37
29.48
29.47
29.17
28.88
28.93
28.92
28.92
29.09
29.12
29.07
29.48
29.43
29.15
29.33
29.49
29.35
29.4
29.28
29.19
29.15
29.06
28.95
28.87
28.71
28.68
28.78
28.92
28.99
29.03
28.64
28.78
29.02
28.9
28.86
28.78
28.8
28.84
28.91
28.74
28.66
28.58
28.54
28.42
28.29
28.12
28.13
28.18
28.17
28.16
28.08
28.1
28.09
28.01
27.94
27.92
27.81
27.79
27.7
27.59
27.45
27.38
27.26
27.25
27.21
27.18
27.2
27.2
27.16
27.2
27.24
27.22
27.24
27.27
27.31
27.44
27.4
27.31
27.23
27.18
27.26
27.29
27.24
27.15
26.99
26.86
26.79
26.76
26.71
26.65
26.58
26.5
26.52
26.47
26.72
26.9
26.83
27.01
27.13
27.12
27.16
27.17
27.13
27.28
27.29
27.33
27.39
27.42
27.43
27.47
27.11
27.13
27.25
26.97
27.05
27.29
27.3
27.09
27.24
27.29
27.31
27.32
27.31
27.26
27.18
27.2
27.22
27.22
27.22
27.22
27.24
27.19
27.19
27.21
27.16
27.09
27.09
27.08
27.1
27.09
27.08
27.05
27.01
26.95
26.94
27
26.94
26.92
26.95
26.88
26.87
26.89
26.94
26.96
26.95
26.97
26.97
26.97
26.95
26.93
26.92
26.92
26.92
26.92
26.92
26.92
26.94
26.94
26.91
26.93
26.92
26.91
26.91
26.9
26.92
26.92
26.93
26.92
27.05
27.05
27.07
27.1
27.06
27.02
27.01
26.98
26.98
26.98
27
27.03
27.04
27.05
27.09
27.12
27.1
27.08
27.06
27.05
27.07
27.1
27.05
27.02
27
26.98
26.97
27.01
27.03
27.06
27.06
27.1
27.12
27.11
27.15
27.24
27.28
27.31
27.34
27.49
27.56
27.58
27.6
27.69
27.69
27.67
27.62
27.64
27.67
27.67
27.66
27.66
27.67
27.63
27.59
27.55
27.51
27.46
27.4
27.4
27.39
27.35
27.38
27.42
27.45
27.49
27.47
27.49
27.46
27.45
27.54
27.5
27.5
27.45
27.53
27.49
27.56
27.58
27.58
27.51
27.57
27.51
27.56
27.57
27.68
27.61
27.54
27.44
27.57
27.66
27.67
27.62
27.8
27.63
27.72
28.05
28.31
28.1
28.06
28.28
28.27
28.51
28.4
28.3
28.31
28.32
28.14
28.09
28.36
28.33
28.25
28.4
28.22
28.09
28.24
28.28
28.39
28.14
28.17
28.04
27.93
27.94
28.05
28.2
28.1
28.03
27.96
28.27
28.39
28.4
28.2
27.91
28.04
27.93
28.05
27.96
27.87
27.88
28.03
28.34
28.25
28.05
28.31
28.48
28.38
28.39
28.47
28.42
28.46
28.56
28.64
28.58
28.65
28.6
28.54
28.44
28.51
28.59
28.48
28.41
28.36
28.44
28.46
28.61
28.63
28.53
28.4
28.67
28.49
28.52
28.65
28.61
28.78
29.04
28.82
28.7
28.73
29.09
29.05
29.04
28.98
28.79
28.78
