23.66
23.70
23.75
23.70
23.68
23.74
23.75
23.74
23.72
23.71
23.67
23.70
23.77
23.78
23.79
23.84
23.88
23.89
23.92
23.93
23.93
23.87
23.85
23.79
23.83
23.96
24.00
24.09
24.18
24.13
24.19
24.20
24.19
24.22
24.26
24.22
24.16
24.17
24.14
24.03
23.72
23.64
23.68
23.75
23.83
23.83
23.87
23.87
23.91
23.98
23.79
23.70
23.73
23.81
23.77
23.71
24.03
24.08
24.08
24.11
24.12
24.15
24.11
24.02
24.01
24.02
24.06
24.18
24.29
24.29
24.24
24.22
24.21
24.23
24.28
24.35
24.43
24.43
24.45
24.51
24.55
24.52
24.48
24.47
24.41
24.41
24.45
24.44
24.48
24.49
24.45
24.53
24.56
24.55
24.57
24.55
24.60
24.66
24.71
24.71
24.71
24.74
24.72
24.70
24.71
24.73
24.74
24.82
24.84
24.82
24.78
24.75
24.78
24.77
24.78
24.81
24.82
24.80
24.80
24.86
24.88
24.92
24.96
25.10
25.14
25.19
25.22
25.24
25.29
25.31
25.35
25.39
25.48
25.37
25.40
25.46
25.40
25.54
25.58
25.58
25.59
25.71
25.66
25.70
25.78
25.82
25.90
25.88
25.93
25.95
25.99
26.03
26.04
26.04
26.11
26.12
26.17
26.19
26.20
26.24
26.27
26.30
26.45
26.52
26.44
26.48
26.47
26.45
26.47
26.53
26.59
26.59
26.63
26.64
26.68
26.63
26.64
26.67
26.64
26.66
26.68
26.68
26.72
26.77
26.84
26.89
26.88
26.86
26.89
26.89
26.94
26.91
26.90
26.99
27.04
27.00
27.01
27.11
27.04
27.06
27.10
27.16
27.11
27.09
27.08
27.14
27.14
27.10
27.11
27.17
27.23
27.22
27.21
27.26
27.25
27.19
27.20
27.15
27.06
27.09
27.12
27.13
27.14
27.12
27.07
27.10
27.17
27.18
27.24
27.26
27.23
27.25
27.29
27.28
27.28
27.28
27.28
27.30
27.30
27.29
27.29
27.27
27.26
27.28
27.32
27.34
27.30
27.23
27.16
27.11
27.09
27.08
26.99
26.97
26.93
26.91
26.92
26.93
26.87
26.86
26.77
26.72
26.70
26.67
26.60
26.51
26.48
26.44
26.42
26.41
26.35
26.44
26.32
26.36
26.37
26.33
26.40
26.38
26.33
26.28
26.22
26.17
26.12
26.12
26.09
26.08
26.01
25.97
25.96
25.93
25.89
25.87
25.79
25.78
25.77
25.73
25.66
25.57
25.59
25.55
25.47
25.45
25.41
25.34
25.30
25.29
25.27
25.31
25.29
25.26
25.27
25.23
25.17
25.16
25.11
25.07
24.99
24.93
24.88
24.82
24.78
24.72
24.70
24.70
24.66
24.63
24.59
24.56
24.54
24.51
24.52
24.47
24.46
24.43
24.39
24.33
24.25
24.20
24.21
24.16
24.15
24.23
24.19
24.21
24.18
24.13
24.15
24.12
24.09
24.03
24.04
24.01
24.01
23.96
23.95
23.90
23.90
23.87
23.82
23.70
23.68
23.69
23.71
23.70
23.60
23.55
23.48
23.40
23.43
23.44
23.40
23.35
23.33
23.31
23.31
23.34
23.36
23.37
23.37
23.30
23.27
23.27
23.27
23.31
23.34
23.33
23.31
23.31
23.32
23.30
23.30
23.30
23.38
23.33
23.32
23.32
23.37
23.37
23.37
23.33
23.29
23.28
23.32
23.32
23.39
23.36
23.38
23.41
23.36
23.38
23.39
23.34
23.39
23.39
23.42
23.46
23.52
23.60
23.59
23.52
23.51
23.51
23.52
23.55
23.58
23.61
23.57
23.33
23.28
23.27
23.34
23.36
23.30
23.32
23.31
23.36
23.35
23.40
23.43
23.46
23.45
23.47
23.52
23.47
23.41
23.41
23.43
23.39
23.37
23.39
23.42
23.40
23.53
23.49
23.44
23.56
23.60
23.71
23.73
23.73
23.71
23.73
23.74
23.69
23.76
23.75
23.90
23.86
23.87
23.86
23.85
23.86
23.93
23.93
23.96
23.91
23.91
23.92
23.84
23.85
23.94
24.19
24.16
24.19
24.12
24.11
24.12
24.10
24.13
24.17
24.13
24.33
24.53
24.62
24.66
24.67
24.75
24.82
24.85
24.99
25.09
25.14
25.18
25.20
25.22
25.20
25.23
25.27
25.40
25.49
25.53
25.49
25.53
25.58
25.69
25.72
25.73
25.86
25.99
25.97
26.00
26.07
25.99
25.99
26.00
26.02
26.04
26.27
26.36
26.35
26.33
26.32
26.29
26.34
26.39
26.38
26.43
26.43
26.42
26.52
26.53
26.50
26.56
26.58
26.61
26.71
26.71
26.64
26.74
26.79
26.82
26.82
26.84
26.90
26.99
26.92
26.99
26.96
27.04
27.12
27.11
27.07
27.06
27.08
27.09
27.04
27.01
26.99
26.94
26.94
26.94
26.98
26.93
26.91
26.87
26.83
26.82
26.88
26.87
26.82
26.79
26.77
26.78
26.83
26.91
26.92
26.89
27.04
27.04
27.01
27.03
27.02
27.01
27.00
26.97
26.94
26.94
26.90
26.87
26.82
26.75
26.67
26.61
26.56
26.55
26.56
26.56
26.55
26.53
26.46
26.41
26.43
26.42
26.43
26.46
26.39
26.36
26.36
26.35
26.34
26.33
26.27
26.20
26.13
26.03
25.94
25.90
25.95
25.96
25.98
25.92
25.87
25.88
25.76
25.79
25.69
25.69
25.73
25.78
25.82
25.85
25.83
25.79
25.75
25.69
25.65
25.53
25.47
25.43
25.46
25.54
25.54
25.54
25.59
25.55
25.54
25.60
25.64
25.62
25.61
25.62
25.55
25.56
25.50
25.42
25.36
25.31
25.26
25.18
25.16
25.08
25.04
25.04
25.00
24.98
24.85
24.80
24.82
24.81
24.82
24.81
24.78
24.76
24.76
24.75
24.70
24.66
24.63
24.62
24.55
24.52
24.47
24.46
24.48
24.49
24.57
24.50
24.43
24.43
24.43
24.45
24.48
24.59
24.60
24.62
24.61
24.53
24.39
24.15
23.98
23.99
23.97
24.06
24.03
23.94
23.85
23.89
23.81
23.72
23.70
23.86
23.94
23.96
23.95
24.01
24.03
24.03
23.98
24.00
23.97
23.92
23.72
23.61
23.66
23.52
23.48
23.46
23.39
23.41
23.43
23.47
23.46
23.51
23.53
23.53
23.47
23.43
23.43
23.46
23.53
23.55
23.57
23.53
23.48
23.53
23.53
23.54
23.59
23.58
23.58
23.76
23.68
23.67
23.63
23.61
23.61
23.68
23.65
23.70
23.67
23.66
23.67
23.67
23.63
23.61
23.59
23.60
23.64
23.65
23.74
23.73
23.77
23.78
23.74
23.77
23.76
23.79
23.80
23.90
23.90
23.88
23.89
23.90
23.81
23.87
23.90
23.88
23.91
23.83
23.88
23.88
23.91
23.92
23.99
23.98
23.97
23.94
23.89
23.90
23.90
23.90
23.93
24.02
23.98
24.16
24.27
24.24
24.25
24.31
24.47
24.50
24.53
24.47
24.46
24.53
24.48
24.46
24.61
24.60
24.58
24.70
24.74
24.78
24.83
24.82
24.83
24.79
24.77
24.71
24.65
24.66
24.73
24.72
24.80
24.79
24.84
24.78
24.88
25.05
24.98
25.05
25.06
25.03
25.06
25.19
25.19
25.19
25.24
25.23
25.26
25.29
25.29
25.39
25.42
25.48
25.50
25.58
25.58
25.60
25.73
25.78
25.77
25.83
25.83
25.79
25.79
25.81
25.83
25.87
25.95
25.97
26.12
26.09
26.12
26.14
26.15
26.12
26.17
26.19
26.25
26.33
26.40
26.45
26.48
26.47
26.49
26.46
26.48
26.65
26.59
26.60
26.69
26.68
26.69
26.78
26.82
26.80
26.84
26.90
26.90
26.91
26.90
26.94
27.01
27.11
27.17
27.14
27.17
27.23
27.21
27.20
27.32
27.27
27.32
27.31
27.30
27.29
27.28
27.27
27.32
27.28
27.28
27.28
27.30
27.28
27.30
27.26
27.23
27.27
27.33
27.30
27.28
27.29
27.31
27.33
27.38
27.39
27.44
27.43
27.52
27.44
27.44
27.46
27.42
27.38
27.33
27.33
27.34
27.34
27.35
27.37
27.36
27.37
27.39
27.44
27.41
27.39
27.35
27.33
27.26
27.19
27.18
27.16
27.13
27.10
27.07
27.09
27.05
27.01
26.97
26.94
26.89
26.85
26.79
26.72
26.67
26.63
26.57
26.54
26.54
26.51
26.46
26.41
26.28
26.15
26.04
26.04
25.96
25.94
25.90
25.84
25.92
25.89
25.88
25.87
25.83
25.76
25.69
25.70
25.77
25.71
25.56
25.47
25.42
25.42
25.42
25.40
25.36
25.38
25.33
25.24
25.22
25.14
25.06
25.12
25.20
25.26
25.34
25.34
25.28
25.26
25.24
25.18
25.16
25.17
25.16
25.15
25.11
25.10
25.09
25.11
25.12
25.12
25.13
25.13
25.13
25.06
25.07
25.05
24.98
24.92
24.86
24.78
24.61
24.62
24.59
24.34
24.30
24.38
24.28
24.21
24.05
23.67
23.71
23.75
23.88
23.86
23.77
23.87
23.82
23.72
23.60
23.60
23.59
23.55
23.53
23.55
23.50
23.47
23.46
23.50
23.59
23.64
23.76
23.84
23.85
23.82
23.75
23.71
23.68
23.66
23.62
23.58
23.56
23.60
23.57
23.60
23.76
23.71
23.65
23.53
23.57
23.36
23.22
23.19
23.20
23.33
23.30
23.27
23.27
23.29
23.23
23.27
23.24
23.20
23.26
23.27
23.23
23.25
23.26
23.23
23.23
23.24
23.20
23.20
23.17
23.11
23.05
23.06
23.01
23.05
23.08
23.01
23.01
23.05
23.02
23.03
23.07
23.09
23.07
23.09
23.07
23.05
23.13
23.17
23.27
23.32
23.30
23.39
23.34
23.34
23.38
23.41
23.48
23.43
23.37
23.43
23.40
23.38
23.38
23.36
23.34
23.33
23.30
23.26
23.25
23.21
23.20
23.20
23.22
23.30
23.31
23.35
23.30
23.22
23.20
23.21
23.17
23.20
23.27
23.22
23.27
23.36
23.45
23.40
23.42
23.45
23.61
23.72
23.72
23.86
24.02
24.17
24.20
24.38
24.44
24.35
24.24
24.24
24.38
24.03
23.82
23.95
23.78
23.93
24.20
24.33
24.43
24.67
24.75
24.85
25.00
25.01
25.14
25.36
25.25
25.26
25.48
25.54
25.81
25.96
25.99
25.98
25.96
25.98
26.01
26.04
26.13
26.12
26.17
26.19
26.29
26.35
26.47
26.46
26.45
26.38
26.34
26.36
26.39
26.41
26.39
26.45
26.46
26.44
26.42
26.44
26.55
26.91
27.09
27.00
27.02
27.09
27.02
27.01
26.94
26.92
27.00
26.95
27.01
27.08
27.11
27.20
27.33
27.26
27.15
27.11
27.16
27.23
27.26
27.27
27.28
27.40
27.41
27.53
27.62
27.67
27.77
27.81
27.85
27.91
27.90
27.84
27.81
27.73
27.65
27.66
27.69
27.65
27.57
27.61
27.64
27.71
27.79
27.83
27.89
27.87
27.84
27.86
27.86
27.89
27.82
27.76
27.72
27.63
27.53
27.53
27.49
27.43
27.34
27.27
27.34
27.29
27.29
27.35
27.28
27.20
27.15
27.05
27.07
27.16
27.25
27.35
27.32
27.25
27.28
27.26
27.23
27.25
27.29
27.26
27.25
27.20
27.17
27.22
27.26
27.22
27.24
27.24
27.23
27.23
27.23
27.20
27.19
27.15
27.12
27.09
27.02
26.97
26.90
26.86
26.85
26.81
26.74
26.74
26.73
26.72
26.71
26.67
26.63
26.59
26.53
26.50
26.46
26.39
26.33
26.29
26.24
26.24
26.23
26.22
26.20
26.19
26.14
26.12
26.15
26.08
26.08
26.04
25.95
25.91
25.90
25.86
25.84
25.81
25.81
25.75
25.73
25.65
25.63
25.65
25.61
25.52
25.53
25.49
25.50
25.45
25.41
25.38
25.37
25.33
25.24
25.22
25.09
25.00
24.89
24.92
24.89
24.84
24.81
24.78
24.85
24.84
24.83
24.79
24.77
24.76
24.74
24.71
24.65
24.61
24.60
24.61
24.58
24.55
24.57
24.60
24.57
24.53
24.41
24.50
24.45
24.41
24.51
24.51
24.43
24.44
24.43
24.41
24.40
24.38
24.36
24.27
24.19
24.17
24.16
24.05
23.95
23.91
23.87
23.83
23.77
23.77
23.72
23.74
23.76
23.80
23.76
23.75
23.68
23.58
23.57
23.56
23.53
23.50
23.51
23.46
23.43
23.42
23.40
23.38
23.50
23.51
23.52
23.66
23.69
23.75
23.76
23.76
23.77
23.73
23.70
23.68
23.65
23.60
23.58
23.54
23.51
23.49
23.46
23.43
23.46
23.45
23.44
23.43
23.42
23.42
23.45
23.47
23.49
23.50
23.51
23.50
23.48
23.50
23.46
23.52
23.53
23.49
23.52
23.55
23.57
23.57
23.58
23.57
23.63
23.65
23.67
23.69
23.72
23.75
23.80
23.81
23.81
23.84
23.83
23.84
23.88
23.85
23.87
23.95
23.92
23.91
24.00
23.94
23.96
24.00
23.99
23.99
23.95
24.01
24.07
24.11
24.10
24.09
24.06
24.05
24.17
24.26
24.22
24.28
24.40
24.35
24.38
24.40
24.46
24.46
24.46
24.47
24.44
24.48
24.44
24.54
24.59
24.67
24.70
24.72
24.76
24.71
24.74
24.78
24.80
24.79
24.80
24.83
24.84
24.85
24.86
24.86
24.84
24.86
24.87
24.93
24.94
24.90
24.93
24.94
24.97
25.01
25.12
25.06
25.22
25.61
25.58
25.54
25.59
25.66
25.83
25.87
25.84
25.72
25.74
25.81
25.72
25.72
25.77
25.85
25.87
25.88
25.95
25.95
26.01
26.09
26.10
26.14
26.16
26.23
26.21
26.24
26.27
26.30
26.32
26.34
26.34
26.39
26.49
26.53
26.68
26.70
26.70
26.70
26.66
26.66
26.67
26.67
26.66
26.65
26.56
26.67
26.71
26.72
26.77
26.81
26.81
26.76
26.75
26.82
26.88
26.93
26.90
26.90
26.87
26.92
26.92
27.04
27.20
27.25
27.25
27.28
27.29
27.32
27.28
27.27
27.27
27.30
27.29
27.32
27.24
27.29
27.26
27.26
27.23
27.18
27.12
27.13
27.10
27.16
27.24
27.20
27.19
27.20
27.21
27.24
27.24
27.17
27.13
27.08
27.05
27.08
27.12
27.10
27.13
27.11
27.10
27.14
27.12
27.10
27.08
27.09
27.07
27.09
27.10
27.10
27.07
27.05
27.02
26.98
26.96
26.92
26.91
26.87
26.82
26.78
26.73
26.71
26.62
26.54
26.48
26.39
26.34
26.17
26.10
26.27
26.07
26.09
26.00
25.92
25.93
25.95
26.01
25.91
25.86
25.89
25.92
25.77
25.80
25.74
25.67
25.72
25.72
25.62
25.52
25.46
25.33
25.29
25.33
25.32
25.31
25.27
25.20
25.18
25.10
25.12
25.18
25.08
25.07
25.00
24.91
24.92
24.91
24.95
24.98
25.00
24.92
24.90
24.91
24.90
24.93
24.91
24.86
24.79
24.80
24.77
24.68
24.69
24.70
24.72
24.66
24.58
24.49
24.45
24.49
24.51
24.47
24.42
24.39
24.48
24.53
24.57
24.56
24.46
24.41
24.35
24.36
24.33
24.33
24.33
24.29
24.28
24.23
23.93
23.94
23.94
23.91
23.94
23.90
23.81
23.67
23.68
23.68
23.69
23.66
23.63
23.56
23.52
23.48
23.48
23.51
23.49
23.48
23.51
23.50
23.54
23.59
23.56
23.51
23.52
23.46
23.35
23.33
23.32
23.33
23.30
23.27
23.21
23.21
23.18
23.14
23.09
23.04
23.04
23.06
23.04
23.04
23.00
23.13
23.08
23.02
23.20
23.18
23.18
23.20
23.19
23.21
23.28
23.27
23.28
23.27
23.29
23.31
23.30
23.27
23.26
23.28
23.33
23.29
23.30
23.26
23.27
23.26
23.26
23.22
23.26
23.28
23.31
23.46
23.45
23.47
23.43
23.44
23.48
23.50
23.51
23.52
23.49
23.45
23.45
23.41
23.41
23.34
23.36
23.45
23.50
23.52
23.49
23.49
23.52
23.51
23.52
23.55
23.59
23.68
23.72
23.74
23.78
23.90
23.88
23.86
23.86
23.89
23.92
23.92
23.92
23.93
23.93
23.99
23.97
24.03
24.03
24.03
24.09
24.09
24.12
24.10
24.12
24.11
24.15
24.18
24.17
24.21
24.28
24.30
24.35
24.33
24.36
24.46
24.43
24.58
24.58
24.62
24.70
24.80
24.93
24.98
25.01
25.03
25.03
25.09
25.07
25.13
25.13
25.11
25.13
25.16
25.15
25.19
25.18
25.26
25.41
25.43
25.60
25.77
25.86
25.85
25.91
25.90
26.08
26.16
26.12
26.17
26.22
26.28
26.39
26.40
26.43
26.47
26.93
26.87
26.81
26.79
26.79
26.84
26.80
26.83
26.90
26.94
26.88
26.83
26.87
26.85
26.88
26.88
26.76
27.02
27.04
26.85
27.04
27.09
26.99
26.92
26.88
27.11
27.11
27.00
27.01
27.04
27.03
27.09
27.17
27.18
27.22
27.29
27.26
27.31
27.37
27.41
27.47
27.48
27.50
27.56
27.52
27.55
27.58
27.67
27.63
27.63
27.57
27.56
27.53
27.49
27.49
27.49
27.53
27.52
27.50
27.50
27.49
27.43
27.41
27.41
27.38
27.35
27.34
27.31
27.31
27.28
27.24
27.20
27.18
27.11
27.09
27.09
27.06
27.09
27.09
27.08
27.14
27.07
27.04
27.03
27.01
26.98
26.99
27.07
26.96
26.90
26.86
26.81
26.80
26.78
26.74
26.68
26.60
26.61
26.57
26.55
26.50
26.46
26.49
26.48
26.51
26.59
26.48
26.50
26.48
26.41
26.36
26.32
26.23
26.07
26.05
26.03
26.00
25.99
25.98
25.93
25.90
25.86
25.86
25.85
25.82
25.79
25.73
25.69
25.67
25.67
25.63
25.58
25.54
25.50
25.46
25.43
25.37
25.34
25.30
25.26
25.21
25.17
25.14
25.14
25.10
25.06
25.05
25.00
24.95
24.92
25.06
25.12
25.14
25.09
24.91
25.00
25.09
25.14
24.93
24.94
24.83
24.68
24.70
24.64
24.65
24.65
24.63
24.54
24.49
24.56
24.53
24.54
24.49
24.45
24.43
24.33
24.39
24.53
24.49
24.45
24.32
24.15
24.12
24.11
24.08
24.06
24.04
24.03
23.97
23.96
23.92
23.91
23.91
23.86
23.82
23.81
23.78
23.78
23.68
23.59
23.52
23.51
23.48
23.46
23.44
23.43
23.47
23.45
23.43
23.40
23.41
23.38
23.41
23.37
23.37
23.35
23.30
23.29
23.27
23.21
23.12
23.07
23.08
23.17
23.14
23.02
23.00
23.04
23.10
23.19
23.26
23.33
23.38
23.41
23.37
23.41
23.43
23.46
23.40
23.38
23.36
23.31
23.27
23.27
23.34
23.36
23.32
23.33
23.32
23.31
23.34
23.40
23.46
23.40
23.37
23.31
23.31
23.29
23.28
23.27
23.27
23.32
23.39
23.33
23.35
23.52
23.43
23.43
23.46
23.49
23.52
23.52
23.59
23.68
23.69
23.71
23.76
23.75
23.77
23.79
23.76
23.78
23.75
23.75
23.79
23.80
23.79
23.77
23.76
23.76
23.76
23.76
23.75
23.75
23.77
23.79
23.82
23.86
23.87
23.91
23.89
23.87
23.86
23.89
23.93
23.96
23.97
23.96
23.97
24.05
24.11
24.12
24.23
24.29
24.29
24.30
24.36
24.41
24.44
24.46
24.48
24.48
24.50
24.47
24.49
24.53
24.52
24.58
24.55
24.55
24.57
24.55
24.60
24.63
24.63
24.64
24.63
24.66
24.73
24.70
24.73
24.76
24.81
24.76
24.80
24.88
24.94
24.98
25.02
25.04
25.03
25.06
25.11
25.17
25.22
25.39
25.35
25.39
25.38
25.47
25.61
25.63
25.66
25.74
25.80
25.81
25.79
25.92
26.01
26.07
26.17
26.10
26.22
26.40
26.20
26.22
26.19
26.26
26.35
26.45
26.47
26.55
26.70
26.72
26.91
26.79
26.82
26.81
26.81
26.83
26.86
26.94
27.25
27.08
27.04
27.16
27.20
27.18
27.07
27.07
27.08
27.09
27.09
27.06
27.07
27.04
27.02
27.01
27.03
27.02
27.05
27.09
27.07
27.09
27.15
27.07
27.14
27.14
27.14
27.09
27.07
27.06
26.97
27.00
26.98
27.02
27.07
27.06
27.06
27.09
27.14
27.14
27.10
27.06
27.04
27.08
27.13
27.10
27.08
27.04
27.02
27.00
26.95
26.96
27.00
26.99
26.98
26.98
26.95
26.90
26.84
26.68
26.68
26.66
26.59
26.54
26.60
26.52
26.48
26.47
26.45
26.46
26.48
26.45
26.48
26.44
26.40
26.30
26.25
26.19
26.14
26.13
26.15
26.22
26.27
26.31
26.35
26.37
26.34
26.34
26.34
26.33
26.29
26.23
26.20
26.20
26.10
26.08
26.01
26.05
26.15
26.11
26.17
26.24
26.29
26.35
26.26
26.21
26.20
26.13
26.10
26.09
26.01
25.91
25.80
25.74
25.70
25.70
25.65
25.62
25.53
25.49
25.42
25.41
25.34
25.31
25.18
24.76
24.64
24.69
24.70
24.68
24.83
24.64
24.74
24.84
24.62
24.71
24.87
24.93
24.91
24.94
24.93
24.86
24.90
24.85
24.73
24.72
24.70
24.71
24.65
24.60
24.69
24.64
24.66
24.73
24.71
24.63
24.56
24.58
24.58
24.53
24.61
24.54
24.47
24.29
24.14
24.23
24.30
24.25
24.28
24.28
24.24
24.23
24.25
24.17
24.02
24.05
24.03
23.82
23.62
23.63
23.70
23.53
23.54
23.57
23.52
23.44
23.36
23.32
23.25
23.24
23.20
23.15
23.13
23.14
23.11
23.09
22.94
22.87
23.00
23.10
23.17
23.26
23.35
23.36
23.34
23.32
23.25
23.33
23.36
23.34
23.36
23.19
23.18
23.20
23.27
23.23
23.18
23.25
23.32
23.33
23.36
23.39
23.50
23.58
23.56
23.52
23.48
23.53
23.65
23.56
23.64
23.65
23.63
23.68
23.77
23.78
23.79
23.80
23.74
23.73
23.71
23.72
23.70
23.74
23.71
23.71
23.74
23.78
23.87
23.89
23.89
23.94
23.95
23.99
24.04
24.03
24.03
23.96
23.91
23.89
23.89
23.86
23.86
23.87
23.95
23.97
24.01
24.18
24.17
24.29
24.34
24.22
24.27
24.23
24.20
24.31
24.29
24.43
24.35
24.40
24.35
24.35
24.40
24.42
24.51
24.54
24.50
24.64
24.65
24.61
24.69
24.68
24.67
24.67
24.72
24.77
24.82
24.86
24.89
24.92
24.89
24.83
24.85
24.88
24.93
24.99
25.00
24.99
25.01
25.16
25.16
25.21
25.29
25.23
25.25
25.32
25.32
25.30
25.32
25.39
25.60
25.65
25.70
25.72
25.75
25.73
25.78
25.77
25.95
25.96
26.05
26.05
26.06
26.07
26.16
26.14
26.23
26.19
26.23
26.27
26.28
26.19
26.18
26.28
26.27
26.25
26.22
26.13
26.11
26.14
26.19
26.19
26.19
26.32
26.35
26.35
26.40
26.44
26.50
26.65
26.54
26.53
26.62
26.59
26.72
26.81
26.79
26.84
26.83
26.83
26.90
26.99
27.09
27.07
27.02
27.01
27.02
26.97
27.02
27.00
27.00
27.03
27.03
27.03
27.00
26.98
26.99
26.99
26.91
26.86
26.87
26.92
26.91
26.94
26.95
26.98
26.96
26.94
26.87
26.76
26.70
26.74
26.80
26.84
26.88
26.89
26.89
26.89
26.96
27.03
26.97
26.95
26.91
26.87
26.84
26.81
26.79
26.77
26.75
26.77
26.82
26.78
26.79
26.80
26.77
26.72
26.71
26.70
26.65
26.57
26.53
26.50
26.44
26.36
26.32
26.30
26.26
26.22
26.17
26.16
26.14
26.10
26.11
26.08
26.04
26.03
25.98
25.96
25.93
26.02
26.08
26.00
25.90
25.83
25.80
25.75
25.70
25.65
25.62
25.61
25.58
25.53
25.48
25.44
25.49
25.58
25.50
25.50
25.53
25.48
25.48
25.45
25.41
25.34
25.27
25.26
25.25
25.17
25.11
25.05
24.97
24.96
24.96
24.96
24.73
24.64
24.59
24.52
24.54
24.53
24.45
24.36
24.33
24.28
24.25
24.25
24.22
24.28
24.36
24.43
24.36
24.36
24.19
24.21
24.18
24.15
24.07
24.02
24.02
24.05
24.10
23.97
23.86
23.98
24.03
24.02
23.98
24.10
24.08
24.04
24.03
24.04
24.00
23.97
23.95
23.95
23.94
23.98
23.92
23.92
23.89
23.87
23.82
23.78
23.84
23.89
23.79
23.89
23.81
23.74
23.76
23.71
23.65
23.63
23.61
23.55
23.48
23.45
23.45
23.45
23.43
23.47
23.53
23.52
23.51
23.50
23.47
23.45
23.51
23.47
23.36
23.35
23.32
23.29
23.26
23.33
23.30
23.26
23.28
23.29
23.25
23.26
23.25
23.21
23.15
23.20
23.02
23.04
23.08
23.05
23.07
23.08
23.05
23.04
23.05
23.06
23.12
23.18
23.22
23.31
23.35
23.38
23.38
23.37
23.44
23.47
23.54
23.50
23.51
23.56
23.55
23.61
23.70
23.73
23.79
23.84
23.84
23.87
23.89
23.95
23.99
24.02
24.02
24.01
24.04
24.04
24.05
24.03
24.04
24.16
24.18
24.15
24.13
24.13
24.18
24.18
24.23
24.27
24.34
24.37
24.33
24.33
24.35
24.38
24.36
24.32
24.34
24.40
24.45
24.40
24.42
24.39
24.38
24.43
24.44
24.43
24.40
24.46
24.48
24.49
24.52
24.54
24.61
24.62
24.64
24.67
24.69
24.69
24.73
24.70
24.72
24.74
24.79
24.80
24.79
24.70
24.74
24.79
24.83
24.81
24.83
24.83
24.83
24.85
24.92
24.90
24.87
24.93
24.92
24.93
24.92
24.95
25.01
25.05
25.13
25.19
25.24
25.28
25.40
25.52
25.53
25.76
26.01
25.91
25.84
25.76
25.77
25.96
26.25
26.19
26.17
26.20
26.22
26.38
26.43
26.34
26.33
26.46
26.49
26.49
26.39
26.42
26.48
26.64
26.75
26.61
26.57
26.68
26.85
26.89
26.85
27.02
26.88
26.89
26.90
27.00
26.99
27.06
27.11
27.10
27.15
27.17
27.27
27.59
27.74
27.38
27.36
27.38
27.37
27.43
27.46
27.70
27.55
27.63
27.54
27.61
27.59
27.61
27.64
27.73
27.73
27.75
27.77
27.84
27.79
27.78
27.79
27.78
27.76
27.78
27.76
27.72
27.71
27.87
27.83
27.85
27.87
27.90
27.93
27.96
27.92
27.91
27.89
27.85
27.85
27.89
27.92
27.94
27.87
27.89
27.93
27.98
28.00
27.99
27.95
27.91
27.90
27.91
27.93
27.99
27.92
27.91
27.89
27.90
27.87
27.89
27.93
27.93
27.87
27.81
27.80
27.78
27.73
27.69
27.64
27.63
27.60
27.56
27.53
27.49
27.44
27.40
27.35
27.30
27.27
27.25
27.20
27.11
27.06
27.01
26.97
26.92
26.87
26.83
26.78
26.73
26.67
26.62
26.61
26.57
26.54
26.50
26.46
26.44
26.41
26.38
26.35
26.30
26.24
26.19
26.24
26.23
26.18
26.13
26.10
26.14
26.07
26.02
25.96
25.94
25.92
25.85
25.80
25.76
25.72
25.69
25.63
25.58
25.51
25.47
25.39
25.37
25.37
25.38
25.24
25.23
25.24
25.24
25.19
25.14
25.13
25.08
25.04
25.01
24.95
24.91
24.85
24.81
24.80
24.78
24.76
24.78
24.76
24.74
24.71
24.65
24.63
24.60
24.56
24.46
24.35
24.37
24.43
24.34
24.28
24.33
24.26
24.29
24.32
24.22
24.20
24.19
24.17
24.11
24.08
23.98
23.96
23.95
23.93
23.89
23.88
23.88
23.91
23.79
23.77
23.73
23.71
23.71
23.72
23.74
23.77
23.70
23.66
23.62
23.61
23.63
23.64
23.65
23.64
23.60
23.54
23.38
23.34
23.38
23.39
23.35
23.30
23.34
23.39
23.39
23.35
23.32
23.29
23.29
23.31
23.28
23.28
23.41
23.45
23.44
23.45
23.46
23.41
23.45
23.45
23.52
23.41
23.37
23.38
23.33
23.31
23.34
23.36
23.37
23.35
23.35
23.34
23.40
23.38
23.37
23.48
23.50
23.46
23.40
23.28
23.26
23.22
23.24
23.21
23.22
23.21
23.23
23.24
23.25
23.25
23.20
23.21
23.24
23.29
23.35
23.37
23.48
23.50
23.54
23.54
23.52
23.53
23.57
23.57
23.58
23.56
23.57
23.61
23.74
23.76
23.80
23.93
24.10
24.51
24.22
24.27
24.31
24.42
24.59
24.56
24.60
24.60
24.64
24.76
24.74
24.83
24.85
24.92
24.94
24.91
24.82
24.93
25.05
24.98
25.09
25.16
25.18
25.15
25.17
25.21
25.23
25.27
25.33
25.41
25.35
25.45
25.45
25.44
25.44
25.50
25.60
25.59
25.68
25.66
25.63
25.67
25.81
25.91
25.93
25.83
25.85
25.88
25.93
25.96
25.99
26.04
26.11
26.15
26.18
26.19
26.20
26.25
26.28
26.42
26.37
26.43
26.45
26.47
26.52
26.53
26.55
26.61
26.65
26.66
26.69
26.76
26.79
26.79
26.83
26.86
26.87
26.87
26.91
26.99
27.10
26.97
27.00
27.19
27.18
27.30
27.30
27.32
27.39
27.47
27.58
27.70
27.69
27.71
27.71
27.71
27.72
27.78
27.76
27.88
27.79
27.75
27.70
27.62
27.65
27.62
27.58
27.56
27.57
27.57
27.54
27.53
27.54
27.68
27.64
27.57
27.57
27.57
27.57
27.55
27.53
27.57
27.57
27.56
27.57
27.53
27.49
27.44
27.39
27.38
27.41
27.38
27.38
27.38
27.38
27.35
27.41
27.48
27.52
27.52
27.47
27.54
27.54
27.56
27.52
27.49
27.44
27.38
27.34
27.39
27.37
27.38
27.41
27.36
27.33
27.26
27.21
27.17
27.17
27.10
27.07
27.10
27.06
27.08
27.03
27.01
27.01
26.95
26.89
26.90
26.88
26.84
26.81
26.77
26.74
26.70
26.63
26.59
26.59
26.57
26.56
26.50
26.46
26.40
26.37
26.35
26.31
26.30
26.32
26.37
26.44
26.43
26.42
26.36
26.33
26.32
26.30
26.29
26.35
26.37
26.36
26.38
26.37
26.31
26.05
26.13
26.11
26.12
26.08
25.93
25.88
25.85
25.77
25.71
25.61
25.47
25.40
25.37
25.35
25.33
25.28
25.26
25.18
25.11
25.00
24.84
24.96
24.94
24.87
24.77
24.83
24.89
24.92
24.90
24.83
24.75
24.72
24.67
24.63
24.59
24.50
24.50
24.51
24.48
24.45
24.41
24.40
24.43
24.37
24.29
24.23
24.15
24.05
24.00
23.99
24.02
23.97
23.89
23.94
24.00
23.91
24.07
23.91
23.86
23.82
23.57
23.56
23.55
23.44
23.35
23.28
23.21
23.18
23.13
23.10
23.05
23.15
23.02
23.00
23.10
23.19
23.19
23.15
23.18
23.12
23.12
23.13
23.09
23.11
23.07
23.06
23.17
23.09
23.27
23.47
23.47
23.61
23.61
23.56
23.46
23.46
23.36
23.30
23.26
23.24
23.25
23.23
23.21
23.20
23.21
23.22
23.22
23.24
23.32
23.43
23.37
23.50
23.49
23.52
23.55
23.59
23.58
23.65
23.70
23.71
23.74
23.73
23.75
23.78
23.81
24.07
23.90
23.85
23.83
23.87
23.76
23.83
23.93
23.68
23.63
23.84
23.71
23.86
23.85
23.85
23.87
23.90
23.89
23.92
23.96
23.96
23.92
23.89
23.94
23.94
24.01
24.09
24.10
24.06
24.09
24.11
24.17
24.16
24.29
24.31
24.35
24.48
24.40
24.49
24.63
24.58
24.64
24.78
24.77
24.81
24.85
24.90
25.00
24.98
24.99
25.08
25.15
25.23
25.36
25.41
25.47
25.49
25.56
25.61
25.58
25.51
25.51
25.54
25.63
25.67
25.64
25.70
25.80
25.78
25.79
25.90
26.12
26.09
26.16
26.18
26.33
26.34
26.33
26.30
26.34
26.30
26.31
26.27
26.28
26.16
25.99
25.96
25.92
25.97
25.97
26.03
26.18
26.18
26.31
26.27
26.28
26.35
26.38
26.47
26.61
26.72
26.75
26.80
26.82
26.83
26.82
26.90
26.89
26.94
27.02
27.05
27.08
27.10
27.19
27.40
27.34
27.60
27.50
27.62
27.53
27.54
27.57
27.67
27.77
27.80
27.81
27.87
27.89
27.98
28.00
28.10
28.10
28.10
28.14
28.16
28.11
28.15
28.27
28.26
28.24
28.27
28.27
28.23
28.22
28.20
28.19
28.19
28.17
28.09
28.06
28.03
27.99
27.99
27.92
27.88
27.85
27.79
27.66
27.65
27.64
27.61
27.54
27.52
27.50
27.55
27.57
27.52
27.47
27.40
27.35
27.32
27.31
27.25
27.21
27.26
27.28
27.27
27.26
27.23
27.21
27.27
27.27
27.26
27.24
27.24
27.23
27.25
27.22
27.18
27.15
27.13
27.09
27.06
27.05
27.05
27.05
27.05
26.98
26.94
26.95
26.93
26.88
26.84
26.82
26.92
26.97
26.95
26.91
26.86
26.88
26.89
26.92
26.85
26.78
26.73
26.66
26.60
26.50
26.43
26.49
26.57
26.64
26.68
26.63
26.68
26.75
26.72
26.69
26.56
26.46
26.56
26.60
26.56
26.53
26.45
26.35
26.36
26.24
26.21
26.23
26.17
26.20
26.08
25.98
25.95
25.88
25.78
25.78
25.78
25.71
25.63
25.54
25.49
25.56
25.74
25.81
25.79
25.76
25.65
25.53
25.54
25.49
25.43
25.38
25.37
25.34
25.28
25.15
25.00
24.99
24.94
24.90
24.88
24.87
24.87
24.80
24.81
24.81
24.80
24.86
24.75
24.83
24.71
24.68
24.66
24.71
24.70
24.67
24.70
24.72
24.56
24.47
24.39
24.36
24.48
24.43
24.33
24.27
24.23
24.19
24.09
24.03
23.95
23.89
23.78
23.76
23.80
23.82
23.83
23.91
23.80
23.77
23.75
23.78
23.83
23.85
23.86
23.85
23.84
23.79
23.74
23.68
23.63
23.63
23.58
23.55
23.60
23.73
23.76
23.80
23.95
23.94
23.93
23.82
23.72
23.74
23.73
23.69
23.66
23.65
23.61
23.64
23.64
23.64
23.72
23.65
23.62
23.62
23.66
23.67
23.66
23.62
23.59
23.59
23.55
23.52
23.51
23.55
23.55
23.61
23.54
23.42
23.37
23.48
23.46
23.47
23.42
23.38
23.39
23.43
23.46
23.53
23.49
23.48
23.51
23.50
23.57
23.58
23.68
23.67
23.70
23.64
23.67
23.78
23.82
23.84
23.84
23.81
23.88
23.92
23.91
24.05
24.09
24.15
24.14
24.16
24.07
24.00
23.95
24.11
24.11
24.16
24.23
24.32
24.44
24.48
24.46
24.46
24.47
24.47
24.48
24.59
24.61
24.63
24.74
24.82
24.81
24.84
24.93
24.95
24.94
24.91
25.01
25.07
25.07
25.16
25.17
25.29
25.30
25.29
25.27
25.27
25.29
25.37
25.40
25.45
25.56
25.78
25.70
25.74
25.74
25.73
25.77
25.89
25.89
25.84
26.06
26.04
26.02
26.12
26.20
26.39
26.52
26.67
26.64
26.61
26.59
26.74
26.71
26.69
26.65
26.71
26.68
26.68
26.68
26.68
26.68
26.79
26.95
27.10
27.12
27.13
27.13
27.15
27.14
27.25
27.44
27.37
27.58
27.43
27.42
27.44
27.43
27.43
27.43
27.38
27.39
27.39
27.41
27.41
27.40
27.42
27.45
27.59
27.51
27.62
27.62
27.63
27.62
27.86
27.66
27.65
27.68
27.71
27.76
27.87
27.86
27.78
27.73
27.76
27.84
27.83
27.88
27.92
27.91
27.93
27.94
27.98
27.97
27.97
27.96
27.96
27.88
27.84
27.69
27.61
27.55
27.49
27.43
27.36
27.34
27.34
27.27
27.21
27.17
27.11
27.07
27.03
27.00
26.95
26.87
26.80
26.74
26.68
26.66
26.62
26.63
26.66
26.66
26.67
26.66
26.67
26.60
26.58
26.58
26.58
26.60
26.62
26.61
26.58
26.52
26.43
26.40
26.42
26.39
26.33
26.27
26.23
26.20
26.14
26.23
26.10
26.12
26.24
26.14
26.23
26.30
26.33
26.22
26.09
26.05
25.99
26.00
26.02
26.04
26.00
25.95
25.92
25.90
25.91
25.90
25.88
25.95
26.00
25.78
25.83
25.89
25.84
25.85
25.85
25.83
25.78
25.76
25.74
25.74
25.80
25.82
25.83
25.81
25.79
25.72
25.75
25.76
25.69
25.58
25.58
25.42
25.56
25.48
25.49
25.52
25.45
25.41
25.36
25.33
25.28
25.30
25.26
25.26
25.21
25.14
25.06
25.08
25.00
24.94
24.88
24.86
24.85
24.72
24.68
24.54
24.56
24.55
24.48
24.44
24.47
24.49
24.39
24.29
24.20
24.17
24.25
24.21
24.22
24.14
24.14
24.12
24.01
23.95
23.95
23.99
23.95
23.95
23.98
23.92
23.80
23.81
23.80
23.74
