28.71
28.64
28.59
28.77
28.69
28.77
28.81
28.78
28.54
28.12
28.46
28.71
28.55
28.38
28.25
27.94
28.18
28.51
28.44
28.11
28.46
28.60
28.65
28.68
28.65
28.59
28.49
28.56
28.53
28.58
28.74
28.65
28.53
28.50
28.54
28.53
28.50
28.48
28.45
28.46
28.42
28.37
28.35
28.30
28.23
28.19
28.13
28.12
28.14
28.12
28.14
28.16
28.16
28.14
28.16
28.15
28.17
28.21
28.20
28.21
28.16
28.12
28.06
28.04
28.02
27.94
27.76
27.50
27.29
26.59
26.45
26.41
26.49
26.55
26.54
26.51
26.47
26.42
26.38
26.35
26.37
26.38
26.37
27.05
27.59
27.72
27.74
27.67
27.60
27.57
27.57
27.56
27.48
27.40
27.31
27.42
27.37
27.34
27.28
27.24
27.19
27.19
27.19
27.17
27.17
27.29
27.28
27.31
27.28
27.27
27.31
27.45
27.47
27.46
27.40
27.44
27.36
27.46
27.52
27.54
27.58
27.63
27.64
27.67
27.53
27.59
27.59
27.60
27.66
27.69
27.71
27.78
27.78
27.82
27.59
27.65
27.71
27.59
27.81
27.84
27.77
27.73
27.85
27.87
28.15
28.09
27.83
28.10
28.24
28.09
27.97
27.88
27.85
27.71
27.78
27.86
27.71
27.70
27.66
27.70
27.87
27.86
28.16
28.25
28.46
28.20
28.09
28.26
28.49
28.57
28.46
28.42
28.49
28.49
28.38
28.34
28.40
28.35
28.38
28.37
28.43
28.44
28.52
28.37
28.22
28.21
28.27
28.34
28.52
28.65
28.61
28.74
28.64
28.55
28.59
28.71
28.58
28.49
28.32
28.36
28.20
28.02
27.69
27.92
27.80
27.95
28.18
28.24
27.99
27.97
27.80
28.04
28.03
28.00
28.10
27.84
27.73
27.53
27.49
27.71
27.69
27.79
27.63
27.67
27.64
27.62
27.86
27.82
27.83
28.06
27.79
27.84
27.84
28.10
27.99
27.81
27.67
27.61
27.61
27.64
27.59
27.65
27.86
27.72
27.72
27.58
27.61
27.66
27.57
27.40
27.36
27.26
27.53
27.90
27.52
27.66
27.54
27.79
27.98
27.61
27.77
27.83
27.93
27.83
27.94
27.85
27.81
27.89
27.94
28.13
28.25
27.96
27.47
27.75
27.82
27.74
27.70
27.72
27.75
27.77
28.06
27.94
27.82
27.68
27.92
28.08
28.06
27.92
27.99
27.82
27.81
27.86
27.99
27.98
28.05
28.45
28.54
28.76
28.56
28.50
28.30
28.47
28.47
28.53
28.54
28.54
28.46
28.43
28.23
28.36
28.26
28.28
28.17
28.46
28.59
28.56
28.53
28.63
28.62
28.58
28.55
28.53
28.55
28.56
28.70
28.72
28.64
28.86
28.78
28.64
28.66
28.40
28.62
28.53
28.54
28.51
28.62
28.68
28.70
28.58
28.66
28.45
28.96
28.83
28.50
28.50
28.50
28.52
28.56
28.69
28.67
28.76
28.93
29.17
29.14
29.29
28.96
29.20
29.01
29.29
29.43
29.19
29.09
28.81
29.21
29.30
29.30
29.24
29.25
28.97
29.05
29.03
28.95
29.22
28.96
28.88
29.11
28.65
28.85
28.69
28.80
28.88
29.06
28.93
28.86
29.05
28.99
29.07
29.49
29.13
29.11
28.91
29.00
29.19
29.23
29.20
29.17
29.16
29.29
29.09
29.18
29.14
29.13
29.26
29.53
29.17
29.06
29.18
29.11
29.02
29.08
29.06
29.00
28.95
28.81
28.26
28.00
28.05
28.04
28.05
28.09
28.14
28.14
28.10
28.14
28.16
28.22
28.37
28.30
28.21
28.25
28.37
28.53
28.44
28.39
28.35
28.20
27.26
26.86
26.90
26.88
26.94
27.02
27.06
27.15
27.06
26.96
26.88
27.05
26.92
27.51
27.76
27.70
28.04
28.08
28.08
27.99
27.95
27.96
27.96
27.96
27.90
27.82
27.73
27.56
27.36
27.42
27.53
27.53
27.57
27.78
27.81
27.82
27.81
27.88
27.98
27.92
27.86
27.83
27.84
27.84
27.90
27.94
27.88
27.48
27.53
27.64
27.42
27.62
27.73
27.62
27.54
27.69
27.80
27.81
27.79
27.79
27.87
27.79
27.80
27.98
28.01
27.90
27.99
27.92
27.86
27.82
27.78
27.91
28.01
27.98
28.21
28.19
28.14
27.88
27.93
28.02
28.02
28.09
27.99
28.32
28.20
28.15
28.57
28.38
28.46
28.36
28.18
28.31
28.44
28.39
28.42
28.05
28.18
27.92
28.24
28.08
28.33
28.24
28.33
28.48
28.81
28.85
29.14
29.02
29.11
29.11
29.11
28.83
28.72
28.91
28.94
28.94
28.77
28.71
28.49
28.46
28.48
28.49
28.59
28.50
28.44
28.43
28.50
28.51
28.43
28.09
27.99
28.06
27.78
27.71
28.08
28.25
28.33
28.54
28.53
28.02
28.01
28.18
28.18
28.30
28.50
28.60
28.51
28.29
28.31
28.23
28.28
28.02
27.89
27.76
27.71
27.75
28.14
28.30
28.20
28.11
28.37
28.36
28.34
28.44
28.50
28.25
28.29
28.44
28.42
28.12
28.06
27.98
27.96
27.74
27.57
27.64
27.60
27.60
27.71
27.79
27.68
27.58
27.53
27.33
27.18
27.16
27.14
27.17
27.22
27.21
27.19
27.17
27.13
27.17
27.18
27.25
27.21
27.23
27.27
27.24
27.24
27.24
27.27
27.34
27.27
27.34
27.39
27.40
27.36
27.42
27.30
27.22
27.22
27.45
27.64
27.68
27.67
27.73
27.67
27.59
27.57
27.51
27.48
27.50
27.54
27.52
27.42
27.42
27.38
27.39
27.45
27.48
27.49
27.43
27.51
27.43
27.46
27.48
27.37
27.44
27.47
27.45
27.37
27.39
27.49
27.47
27.40
27.26
27.24
27.26
27.32
27.34
27.29
27.11
26.98
27.00
27.02
27.13
27.35
27.49
27.39
27.38
27.22
27.11
27.03
27.14
27.14
26.92
26.75
26.59
26.35
25.84
25.65
25.84
26.07
25.90
25.59
25.58
25.89
25.95
26.35
26.21
26.51
26.37
26.22
26.44
27.04
27.10
26.67
26.64
27.07
27.58
27.63
27.53
27.65
27.55
27.52
27.97
27.95
27.79
27.83
27.86
28.05
28.15
28.50
28.44
28.63
28.59
28.78
28.93
28.58
28.40
28.15
28.11
28.09
28.18
28.37
28.79
29.04
28.86
28.85
28.65
28.49
28.46
28.44
28.31
28.05
28.23
28.17
28.23
28.38
28.51
28.49
28.12
28.05
27.84
27.59
27.60
27.04
26.34
27.01
27.14
27.62
27.94
27.86
27.80
27.78
27.78
27.69
27.59
27.47
27.40
27.59
27.54
27.42
27.31
27.15
27.10
27.13
27.35
27.42
27.69
27.97
27.91
27.64
27.38
27.26
27.17
26.79
25.78
25.87
26.02
26.10
26.23
26.32
26.30
26.27
26.20
26.16
26.19
26.15
26.17
27.09
27.39
27.36
27.43
27.40
27.35
27.31
27.30
27.33
27.29
27.12
26.91
26.73
26.68
26.59
26.57
26.55
25.68
25.52
25.77
25.69
25.67
26.14
26.45
26.37
26.03
25.83
24.77
24.80
25.39
25.43
25.38
25.27
25.30
25.26
25.23
25.59
26.02
26.17
26.32
26.74
26.79
27.03
27.57
27.86
27.53
27.48
27.46
27.43
27.65
27.74
27.80
27.90
27.82
27.86
27.87
27.80
27.89
28.10
28.10
27.97
27.87
27.89
27.85
28.00
28.01
27.98
28.17
28.12
27.85
27.78
27.86
27.85
28.13
28.38
28.11
27.83
28.31
28.10
28.01
28.28
28.41
28.45
28.31
28.10
28.20
28.25
28.36
28.37
28.47
28.44
28.20
28.38
28.53
28.65
28.55
28.31
28.12
28.36
28.43
28.29
28.18
28.26
28.29
28.30
28.20
28.11
27.93
27.81
27.59
27.23
27.05
27.12
27.94
28.10
28.08
28.15
28.09
28.17
28.30
28.21
28.18
28.05
28.17
28.09
27.94
28.09
28.11
28.01
28.00
28.15
28.17
28.12
27.72
27.78
27.82
27.95
28.13
28.05
27.68
27.90
28.16
28.05
27.90
27.95
28.06
28.22
27.86
27.54
27.67
28.11
28.11
28.05
28.15
28.16
28.18
28.04
28.05
28.05
28.19
28.08
28.10
28.09
28.09
27.93
27.98
27.94
28.07
28.41
28.61
28.40
28.49
28.37
28.37
28.17
28.18
28.30
28.24
28.14
28.23
28.26
28.24
28.26
28.46
28.64
28.78
28.36
28.55
28.32
28.25
28.21
28.21
28.36
28.29
28.29
28.28
28.19
28.08
28.28
28.32
28.44
28.32
28.50
28.72
28.69
28.77
29.06
28.84
28.79
28.68
28.72
28.57
28.62
28.65
28.61
28.70
29.05
28.93
29.08
28.98
29.20
29.40
29.05
28.95
29.04
28.66
28.85
28.90
28.90
29.03
28.90
28.89
28.96
29.06
29.26
29.56
29.51
29.56
29.32
29.47
29.57
29.58
29.59
29.46
29.41
29.43
29.34
29.42
29.24
29.12
29.03
28.94
29.18
29.19
29.14
29.21
29.29
29.61
29.81
30.02
29.93
29.85
29.94
30.11
30.05
29.80
29.80
29.73
29.69
29.66
29.93
29.85
29.75
29.74
29.96
30.13
30.02
30.15
30.38
30.19
30.15
30.12
30.19
30.08
29.77
29.96
29.95
30.04
29.94
30.03
30.13
30.18
30.19
29.95
29.91
29.83
30.06
30.03
29.85
29.83
30.16
29.92
29.63
29.77
29.35
29.49
29.32
29.41
29.46
29.42
28.91
28.70
28.82
28.85
28.97
28.84
28.82
28.87
28.82
28.85
28.76
28.79
28.76
28.85
28.86
28.91
28.78
28.91
29.08
29.03
29.02
28.99
29.08
29.00
28.92
28.85
28.96
28.87
28.78
28.61
28.37
28.27
28.14
27.32
26.83
26.97
27.14
27.23
27.21
27.28
27.26
27.24
27.23
27.24
27.25
27.29
27.38
27.52
28.19
28.53
28.40
28.18
28.00
28.11
28.28
28.23
28.22
28.25
28.22
27.99
28.05
27.95
27.91
27.81
27.76
27.67
27.58
27.17
27.22
27.27
27.14
27.00
27.09
27.19
27.31
27.29
27.33
27.26
27.12
27.13
27.25
27.24
27.19
27.15
27.10
27.07
27.20
27.48
27.85
27.83
27.89
27.99
28.13
28.05
28.00
28.03
28.13
28.16
28.19
28.15
27.86
28.20
28.21
28.18
28.17
28.19
28.12
28.09
28.20
28.30
28.43
28.50
28.22
28.40
28.56
28.30
28.48
28.57
28.59
28.64
28.71
28.96
28.97
28.98
28.82
28.65
28.57
28.67
28.90
28.89
28.96
28.98
28.53
28.50
28.62
28.86
28.80
28.61
28.56
28.47
28.69
28.80
28.88
29.09
28.91
28.98
28.96
29.00
28.82
28.47
28.71
28.63
28.62
28.86
28.65
28.83
28.80
28.91
28.79
28.61
28.69
28.38
28.26
28.25
28.53
28.46
28.33
28.27
28.30
28.22
28.21
28.31
28.42
28.52
28.39
28.52
28.40
28.54
28.44
28.41
28.33
28.37
28.51
28.45
28.46
28.40
28.44
28.43
28.62
28.70
28.52
28.61
28.55
28.56
28.56
28.50
28.68
28.41
28.46
28.43
28.40
28.39
28.37
28.29
28.36
28.69
28.55
28.57
28.38
28.36
28.54
28.56
28.38
28.44
28.43
28.29
28.28
28.25
28.13
28.32
28.23
28.19
28.25
28.03
28.02
28.15
28.31
28.02
28.33
28.26
28.19
28.18
28.49
28.11
28.20
28.24
28.18
28.46
28.49
28.36
28.21
28.19
28.02
27.92
27.90
27.88
27.84
27.83
27.79
27.83
27.94
28.01
28.04
28.11
28.06
28.10
28.13
28.25
28.17
28.23
28.12
27.96
27.89
28.26
28.33
28.34
28.23
28.21
28.27
28.38
28.48
28.44
28.48
28.38
28.27
28.22
28.15
28.09
28.14
28.26
28.33
28.38
28.36
28.31
28.39
28.61
28.50
28.56
28.54
28.51
28.55
28.63
28.71
28.61
28.71
28.76
28.64
28.59
28.54
28.61
28.87
28.74
28.57
28.70
28.77
28.75
28.73
28.78
28.81
28.87
28.74
28.68
28.60
28.57
28.65
28.67
28.55
28.47
28.77
28.68
28.66
28.64
28.60
28.77
28.92
29.17
29.22
29.36
28.86
28.89
28.94
29.08
29.22
29.25
29.47
29.28
29.32
29.41
29.30
29.33
29.36
29.12
29.06
29.23
29.36
29.56
29.26
29.13
29.07
28.84
28.93
28.92
28.92
28.94
28.93
28.95
28.92
28.89
28.92
28.96
28.75
28.74
28.93
28.87
28.80
28.67
28.19
27.88
27.97
27.98
28.19
28.18
28.06
28.11
28.12
28.04
27.95
28.01
28.54
28.56
28.51
28.55
28.44
28.47
28.46
28.52
28.51
28.47
28.50
28.53
28.46
28.43
28.40
28.39
28.39
28.40
28.34
28.23
28.09
27.90
27.85
27.73
27.62
27.56
27.81
27.84
27.62
27.17
26.53
26.45
26.46
26.63
26.85
26.89
27.35
27.44
27.28
27.27
27.26
27.21
27.21
27.13
27.33
27.61
27.81
27.82
27.81
27.78
27.78
27.78
27.72
27.70
27.67
27.66
27.63
27.65
27.65
27.63
27.57
27.44
27.28
27.19
27.15
27.14
27.19
27.16
27.26
27.25
27.43
27.49
27.58
27.66
27.61
27.58
27.64
27.60
27.72
27.68
27.68
27.69
27.69
27.70
27.81
28.03
27.99
27.87
27.91
27.96
27.85
28.02
28.09
28.02
27.98
28.04
27.98
28.16
28.37
28.33
28.28
28.19
28.12
28.13
28.26
28.34
28.32
28.32
28.23
28.35
28.22
28.25
28.37
28.41
28.40
28.61
28.47
28.45
28.60
28.63
28.84
28.68
28.88
28.59
28.52
28.40
28.41
28.24
28.40
28.30
28.27
28.36
28.41
28.39
28.10
27.93
28.06
27.97
28.31
28.18
28.10
28.05
28.25
28.04
27.98
27.98
27.81
28.04
28.25
28.16
27.88
27.64
28.12
28.00
28.03
28.07
27.99
28.01
28.08
28.07
28.02
27.89
27.92
27.93
27.89
27.77
27.93
27.92
27.95
27.94
27.70
27.55
27.52
27.57
27.57
27.65
27.41
27.54
27.44
27.43
27.65
27.38
26.96
26.92
27.19
27.12
27.25
27.52
27.39
27.41
27.85
27.89
27.88
27.82
27.43
26.99
27.14
27.16
27.20
27.84
28.06
27.92
27.97
28.04
28.26
28.20
28.07
28.02
27.81
27.57
27.50
27.33
27.33
27.13
27.06
27.00
27.32
27.37
27.45
27.51
27.63
28.00
27.63
27.55
27.54
27.53
27.47
27.39
27.22
27.50
27.47
27.47
27.65
27.47
27.50
27.56
27.62
27.61
27.62
27.60
27.60
27.62
27.72
27.88
28.01
28.20
28.17
28.12
28.08
28.33
28.27
28.25
28.63
28.59
28.46
28.52
28.84
28.73
28.70
28.74
28.94
28.90
28.87
29.21
29.32
29.34
29.30
28.98
28.79
28.90
29.02
28.89
28.76
28.74
28.46
28.40
28.49
28.37
28.34
28.53
28.39
28.38
28.35
28.34
28.27
28.23
28.25
28.23
28.25
28.16
27.68
27.78
27.95
28.08
28.31
28.33
28.14
27.95
27.69
27.18
27.06
27.81
28.17
28.04
27.81
27.61
27.81
28.01
27.89
27.87
27.97
28.06
27.89
28.20
28.47
28.56
28.38
28.36
28.30
28.32
28.56
28.32
28.35
28.39
28.40
28.37
28.62
28.80
28.49
28.58
28.40
28.42
28.25
28.21
28.14
28.23
28.24
28.05
28.21
28.21
28.32
28.58
28.48
28.33
28.45
28.44
28.41
28.34
28.33
28.23
28.26
28.22
27.98
28.19
28.17
28.09
28.09
28.08
28.06
28.10
28.15
28.02
28.05
28.06
28.05
28.01
28.04
27.98
27.95
27.99
27.92
27.90
27.88
27.48
26.83
26.80
26.87
26.85
26.90
27.34
27.61
27.66
27.76
27.76
27.79
27.76
27.65
27.54
27.52
27.55
27.45
27.35
27.22
27.19
27.16
27.11
26.79
26.59
26.53
26.43
26.26
25.41
25.36
25.41
25.46
26.42
26.91
27.01
27.23
27.34
27.42
27.34
27.39
27.56
27.47
27.48
27.48
27.43
27.42
27.42
27.33
27.18
26.85
26.45
26.52
27.01
27.05
27.01
27.02
27.14
27.15
27.19
27.19
27.16
27.09
27.13
27.15
27.29
27.39
27.37
27.41
27.47
27.38
27.36
27.37
27.27
27.40
27.47
27.43
27.53
27.58
27.56
27.63
27.62
27.72
27.79
27.77
27.70
27.63
27.62
27.75
27.81
27.78
27.72
27.86
27.76
27.70
27.97
28.05
27.96
28.13
28.41
28.14
28.12
28.15
28.10
28.06
28.15
28.13
28.18
28.25
28.20
28.43
28.43
27.84
27.66
28.00
28.24
28.28
28.26
27.99
28.17
28.27
28.39
28.39
28.33
28.23
28.38
28.24
28.27
28.27
28.33
28.37
28.21
28.16
28.05
28.25
28.38
28.27
28.29
28.33
28.34
28.41
28.47
28.22
28.29
28.50
28.61
28.46
28.25
27.95
27.79
27.76
27.81
27.85
27.89
27.81
27.62
27.58
27.63
27.65
27.92
27.94
27.90
27.77
27.67
27.62
27.77
27.72
27.58
27.73
27.69
27.96
27.93
27.60
27.78
27.74
28.17
28.29
28.14
28.16
28.20
27.92
27.77
27.95
28.00
28.10
28.11
28.06
28.08
27.92
27.86
27.97
28.02
28.05
28.17
28.06
27.95
28.14
28.04
28.00
27.95
28.08
27.82
27.92
28.04
27.96
27.80
27.74
27.80
27.93
27.98
28.02
28.30
28.54
28.50
28.19
27.97
28.24
28.27
28.20
28.26
28.23
28.32
28.18
28.15
28.13
28.17
28.30
28.23
28.10
28.09
28.17
28.22
28.18
28.23
28.29
28.51
28.34
28.17
28.19
28.28
28.30
28.34
28.37
28.35
28.31
28.31
28.33
28.41
28.51
28.58
28.63
28.59
28.72
28.76
28.80
28.66
28.54
28.23
28.51
28.67
28.52
28.45
28.58
28.65
28.76
28.61
28.65
28.74
28.76
28.91
28.85
28.89
28.79
28.65
28.60
28.57
28.57
28.71
28.64
28.67
28.67
28.70
28.75
28.83
28.82
28.70
28.80
28.97
29.21
29.00
28.85
28.85
28.68
28.74
28.82
28.87
28.97
28.76
28.98
28.88
29.03
28.76
28.77
28.70
28.75
28.91
28.94
29.13
29.02
28.97
29.28
29.03
28.88
29.07
29.21
29.12
29.05
29.07
28.89
28.66
28.79
28.80
28.84
28.75
28.73
28.79
28.88
28.87
28.84
28.85
28.77
28.69
28.70
28.73
28.53
28.51
28.43
28.49
28.54
28.58
28.52
28.53
28.60
28.51
28.28
28.44
28.42
27.87
27.86
27.97
28.18
28.11
28.01
28.01
27.95
27.94
27.85
27.86
28.44
28.39
28.42
28.42
28.37
28.29
28.23
28.18
28.31
28.32
28.22
28.15
28.04
28.06
27.98
27.90
27.80
27.42
27.34
27.24
27.17
27.04
26.48
26.48
26.55
26.56
26.55
26.52
26.51
26.48
27.31
27.94
28.02
28.04
28.00
27.98
27.91
27.87
27.86
27.81
27.74
27.71
27.65
27.59
27.52
27.50
27.46
27.43
27.43
27.51
27.51
27.41
27.32
27.30
27.42
27.45
27.51
27.59
27.63
27.65
27.75
27.81
27.73
27.68
27.68
27.66
27.62
27.50
27.36
27.57
27.58
27.64
27.67
27.72
27.68
27.70
27.78
27.65
27.63
27.67
27.68
27.73
27.72
27.80
27.83
27.85
27.88
27.88
27.91
28.11
28.03
27.93
27.93
27.95
27.99
27.98
28.12
27.93
27.85
27.90
27.95
27.97
28.07
28.04
28.20
28.10
28.18
28.24
28.14
28.09
28.12
28.13
28.13
28.16
27.89
28.17
28.41
28.30
28.28
28.20
28.04
28.04
28.08
27.89
27.94
27.82
27.90
27.97
27.82
27.78
27.90
28.08
28.10
28.04
28.02
28.03
28.11
28.17
28.15
28.12
28.30
28.25
28.22
28.15
27.90
27.88
27.71
27.75
27.99
28.12
28.13
28.17
28.21
28.21
28.20
28.20
28.16
28.17
28.31
28.23
28.26
28.21
28.24
28.34
28.32
28.36
28.39
28.29
28.11
28.15
27.94
27.91
27.93
27.80
27.61
27.64
27.61
27.66
27.46
27.30
27.29
27.51
27.49
27.36
27.15
27.47
27.83
27.43
27.38
27.36
27.31
27.24
27.30
27.34
27.63
27.70
27.44
27.41
27.37
27.27
27.33
27.60
27.62
27.50
27.35
27.31
27.33
27.37
27.38
27.35
27.35
27.38
27.33
27.35
27.39
27.35
27.37
27.33
27.36
27.38
27.42
27.34
27.37
27.55
27.46
27.52
27.57
27.52
27.49
27.67
27.78
27.59
27.57
27.47
27.26
27.23
27.36
27.43
27.52
27.70
27.72
27.73
27.71
27.61
27.76
27.73
27.78
27.91
27.99
27.86
27.80
27.71
27.68
27.62
27.49
27.33
27.40
27.52
27.53
27.52
28.04
28.02
27.83
28.01
27.88
27.93
28.01
27.91
27.78
27.63
27.72
27.77
27.68
27.65
27.68
27.73
27.77
27.80
28.01
28.29
28.49
28.60
28.51
28.37
28.35
28.33
28.57
28.53
28.13
28.47
28.67
28.60
28.75
29.07
28.91
28.78
29.06
28.89
28.92
29.33
29.31
29.30
29.32
29.14
28.99
28.84
29.17
29.24
28.85
28.50
28.40
28.41
28.58
28.52
28.69
28.73
28.57
28.41
28.64
28.75
29.07
28.62
28.60
28.50
28.54
28.85
28.97
28.84
28.84
28.76
28.30
28.35
28.37
28.97
29.06
28.88
28.80
28.82
28.88
28.93
28.95
28.88
28.85
28.86
28.79
28.82
28.84
28.80
28.66
28.52
28.57
28.69
28.71
28.59
28.61
28.63
28.60
28.59
28.61
28.43
28.53
28.52
28.48
28.48
28.47
28.44
28.42
28.40
28.40
28.41
28.40
28.40
28.24
28.25
28.30
28.33
28.29
28.28
28.19
28.17
28.23
28.17
27.99
27.95
27.90
27.87
27.91
27.94
27.82
27.49
27.25
27.09
27.18
27.29
27.25
26.45
26.72
25.06
24.37
24.81
25.55
25.70
25.76
25.76
25.70
25.73
25.66
25.51
25.48
25.60
25.65
25.56
25.58
25.76
26.29
27.14
27.33
27.47
27.43
27.40
27.36
27.42
27.43
27.35
27.30
27.23
27.25
27.14
27.17
27.26
27.32
27.32
27.14
26.09
25.91
26.15
26.20
26.84
27.12
27.33
27.37
27.38
27.37
27.45
27.54
27.63
27.65
27.71
27.72
27.87
27.94
27.64
27.69
27.71
27.77
27.76
27.68
27.66
27.53
27.78
27.70
27.87
27.99
27.92
27.82
27.85
28.04
27.96
27.94
27.98
28.09
28.23
28.13
28.15
28.15
28.32
28.56
28.49
28.11
28.44
28.40
28.24
28.15
28.16
28.19
28.21
28.15
28.21
28.22
28.28
28.21
28.10
28.17
27.90
28.22
28.25
28.15
28.12
27.92
28.17
27.97
28.07
28.10
28.14
28.12
28.12
28.17
28.07
28.11
28.04
28.05
28.08
27.90
27.82
27.81
27.81
27.80
27.74
27.58
27.57
27.44
27.45
27.52
27.80
27.83
27.54
27.71
27.87
27.88
27.88
27.85
27.74
27.51
27.67
27.67
27.62
27.70
27.75
27.75
27.65
27.58
27.44
27.41
27.11
27.08
27.09
27.18
27.47
27.20
27.11
27.15
27.27
27.16
27.34
27.35
27.13
26.68
27.38
27.43
27.34
27.38
27.60
27.67
27.58
27.40
27.32
27.33
27.36
27.39
27.57
27.53
27.40
27.34
27.28
27.38
27.54
27.56
27.42
27.40
27.45
27.56
27.59
27.64
27.70
27.76
27.60
27.55
27.58
27.68
27.65
27.69
27.72
27.73
28.01
27.84
27.57
27.66
27.79
27.91
27.84
27.74
27.65
27.63
27.54
27.49
27.53
27.50
27.58
27.72
27.76
27.76
27.69
27.75
28.04
28.02
27.86
27.88
27.90
27.85
27.80
27.77
27.79
27.83
28.30
28.14
27.84
27.87
27.90
27.91
28.01
27.83
27.70
27.65
27.19
26.95
26.88
26.78
26.78
26.78
27.00
26.95
26.82
26.94
26.97
27.10
26.84
26.71
26.68
26.62
26.63
26.76
26.95
27.41
27.18
26.84
26.73
27.27
27.57
27.18
27.00
27.05
27.21
27.75
28.25
28.30
28.52
28.67
28.34
28.32
28.21
28.09
28.46
28.43
28.25
28.40
28.59
28.79
28.54
28.58
28.73
28.81
29.09
28.99
28.75
28.73
28.79
28.53
28.36
28.45
28.04
28.63
28.57
28.58
28.66
28.63
28.59
28.51
28.65
28.60
28.52
28.42
28.41
28.60
28.65
27.76
28.01
27.80
27.56
27.77
27.99
28.48
28.54
28.60
28.55
28.46
28.37
28.30
28.30
28.26
28.26
28.16
28.08
28.02
28.05
28.01
27.86
28.02
28.04
27.87
27.93
28.13
28.14
28.19
28.16
28.15
28.13
28.04
27.96
27.79
27.55
27.23
27.06
27.14
27.03
27.03
27.00
26.98
26.93
26.88
26.87
26.91
26.90
27.00
27.78
27.87
27.82
27.78
27.75
27.72
27.74
27.69
27.58
27.50
27.45
27.41
27.29
27.22
27.13
27.03
26.60
26.30
26.28
26.31
26.39
26.47
26.37
25.80
25.71
25.73
25.79
25.45
25.58
26.31
26.36
26.75
27.16
27.24
27.12
27.10
27.13
27.25
27.18
27.05
26.94
26.93
26.99
27.43
27.49
27.53
27.58
27.61
27.46
27.64
27.64
27.68
27.66
27.68
27.46
27.60
27.65
27.70
27.81
27.82
27.78
27.73
27.78
27.83
27.81
27.88
27.90
27.91
28.00
27.96
28.01
28.00
27.67
27.51
27.96
27.72
27.84
27.88
27.89
27.97
27.98
27.93
27.95
27.94
27.98
28.06
28.16
28.20
28.22
28.13
28.15
28.18
28.25
28.36
28.60
28.49
28.22
28.25
28.29
28.35
28.44
28.59
28.63
28.54
28.58
28.45
28.30
28.45
28.47
28.36
28.33
28.33
28.30
28.36
28.41
28.36
28.47
28.41
28.40
28.40
28.38
28.28
28.21
28.21
28.52
28.62
28.44
28.34
28.62
28.54
28.41
28.40
28.44
28.31
28.48
28.74
28.38
28.46
28.45
28.50
28.41
28.32
28.32
28.51
28.32
28.20
28.15
28.08
28.15
28.26
28.12
28.10
27.98
28.16
28.23
28.13
28.07
28.03
28.04
28.03
28.19
28.15
28.28
28.30
28.25
28.23
28.23
27.97
27.97
27.94
27.94
27.98
28.11
28.00
28.16
28.43
28.58
28.46
28.47
28.51
28.42
28.39
28.40
28.38
28.32
28.40
28.36
28.50
28.38
28.60
28.53
28.56
28.44
28.46
28.57
28.49
28.57
28.59
28.66
28.60
28.53
28.90
28.87
28.83
28.82
28.65
28.79
28.76
28.71
28.73
28.69
28.68
28.62
28.57
28.59
28.59
28.65
28.58
28.69
28.72
29.02
28.75
28.79
28.77
28.77
28.83
29.13
29.20
29.05
28.97
29.07
29.10
29.06
28.98
28.96
28.88
28.87
28.82
28.78
28.83
28.85
28.93
28.84
28.78
28.80
28.69
28.76
28.80
28.89
28.74
28.92
29.08
28.95
28.94
28.82
28.80
28.77
28.64
28.83
29.08
29.30
29.29
29.20
29.21
29.26
28.99
29.17
29.41
29.13
29.01
29.33
29.26
29.32
29.25
29.33
29.31
29.09
28.95
29.32
29.23
29.00
28.84
29.18
29.10
28.78
28.87
29.00
28.64
28.45
28.62
28.96
28.77
28.72
28.65
28.59
28.63
28.59
28.82
28.83
28.59
28.75
28.85
28.67
28.74
28.91
28.97
28.80
28.82
28.77
28.68
28.51
28.71
28.91
28.87
28.85
28.87
28.93
28.88
28.85
28.85
28.77
28.80
28.57
28.63
28.52
28.62
28.46
28.52
28.39
28.43
28.49
28.47
28.70
28.85
28.54
28.35
28.58
28.62
28.64
28.61
28.59
28.35
27.82
27.74
27.63
27.62
27.51
27.50
27.51
27.44
27.37
27.42
27.49
27.50
27.54
27.58
28.18
28.46
28.39
28.37
27.89
28.31
27.81
27.86
28.16
28.26
28.24
27.82
27.43
27.77
27.86
27.82
27.87
27.88
27.91
27.81
27.50
27.08
27.33
26.61
26.15
26.20
26.71
27.44
27.45
27.46
27.50
27.64
27.91
27.88
27.90
27.89
27.94
27.93
27.96
27.94
27.94
27.91
27.90
28.08
27.87
27.81
27.91
27.88
27.75
27.66
27.72
27.74
27.74
27.77
27.76
27.59
27.65
27.66
27.71
27.75
27.69
27.75
27.69
27.73
27.93
28.29
27.92
27.90
27.87
27.92
28.05
27.99
28.19
28.17
28.13
28.11
28.23
28.20
28.22
28.28
28.50
28.35
28.56
28.58
28.59
28.64
28.55
28.24
28.51
28.43
28.45
28.44
28.46
28.49
28.42
28.39
28.44
28.41
28.79
28.49
28.52
28.67
28.44
28.34
28.18
28.19
28.00
28.02
28.32
28.66
28.66
28.49
28.41
28.40
28.49
28.39
28.25
28.20
28.20
28.19
28.42
28.65
28.85
28.85
28.68
28.45
28.62
28.75
28.67
28.59
28.59
28.66
28.53
28.56
28.69
28.71
28.72
28.60
28.49
28.37
28.33
28.22
28.30
28.34
28.46
28.49
28.42
28.35
28.46
28.57
28.52
28.40
28.60
28.38
28.17
27.89
27.69
27.62
27.50
27.81
28.20
28.23
28.20
28.15
28.07
28.46
28.44
28.26
28.50
28.71
28.84
28.90
28.92
29.04
29.02
28.83
28.83
28.78
28.56
28.32
28.40
28.42
28.46
28.51
28.49
28.38
28.40
28.68
28.30
28.41
28.65
28.35
28.31
28.41
28.37
28.47
28.51
28.18
28.16
28.22
28.34
28.36
28.41
28.45
28.34
28.18
28.11
28.19
28.30
28.31
28.30
28.35
28.31
28.42
28.26
28.36
28.24
28.04
28.02
27.96
27.85
27.85
28.05
28.02
28.13
28.26
28.41
28.42
28.45
28.57
28.68
28.68
28.82
28.79
28.82
28.77
28.84
29.05
29.13
29.14
28.90
28.51
28.68
28.50
29.02
29.09
28.85
28.64
28.62
28.61
28.51
28.48
28.37
28.41
28.42
28.32
28.34
28.35
28.39
28.54
28.88
28.75
28.92
29.14
29.04
28.78
28.52
28.89
29.27
29.15
29.21
29.09
29.17
29.52
29.68
29.61
29.58
29.45
29.31
29.17
29.36
29.49
29.43
29.43
29.13
29.26
29.25
29.19
29.25
29.35
29.42
29.37
29.54
29.61
29.60
29.70
29.74
29.48
29.21
29.26
29.23
29.28
29.36
29.55
29.51
29.39
29.28
29.21
29.52
29.11
29.17
29.20
29.22
29.33
29.19
28.90
28.93
29.04
29.21
29.16
29.19
29.48
29.09
28.95
29.11
28.83
28.87
29.15
29.23
29.03
29.20
29.31
29.07
29.29
29.27
29.10
28.94
29.04
28.86
28.48
28.66
28.73
28.81
28.75
28.82
28.77
28.71
28.62
28.47
28.44
28.12
27.65
27.78
